0 0 0 1 0.159892830249 glove 
0 0 1 1 0.178360996951 glove 
0 0 2 1 0.140213584719 glove 
0 0 3 1 0.152817008697 glove 
0 0 4 1 0.108153987119 glove 
0 0 5 1 0.119914866051 glove 
0 0 6 1 0.158489451964 glove 
0 0 7 1 0.147531906389 glove 
0 0 8 1 0.0259486721367 glove 
0 0 9 1 0.0956240264749 glove 
0 0 10 1 0.124991724222 glove 
0 0 11 1 0.0773385972293 glove 
0 0 12 1 0.127429060183 glove 
0 0 13 1 0.0410697056112 glove 
0 0 14 1 0.0492570043628 glove 
1 0 0 1 0.0637686811644 glove 
1 0 1 1 0.0323409084427 glove 
2 0 0 1 0.137365930577 glove 
2 0 1 1 0.318782847554 glove 
2 0 2 1 0.0770916016617 glove 
2 0 3 1 0.162569157515 glove 
2 0 4 1 0.0376034897267 glove 
2 0 5 1 0.0891059033107 glove 
2 0 6 1 0.0598537694351 glove 
2 0 7 1 0.077957743222 glove 
3 0 0 1 0.156263436185 glove 
3 0 1 1 0.110739627643 glove 
4 0 0 1 0.0276017749659 glove 
4 0 1 1 0.0841090084802 glove 
4 0 2 1 0.0561475457636 glove 
4 0 3 1 0.0342158925465 glove 
4 0 4 1 0.0215680772438 glove 
4 0 5 1 0.0204728974156 glove 
4 0 6 1 0.020922171561 glove 
4 0 7 1 0.018354658033 glove 
4 0 8 1 0.034925252362 glove 
4 0 9 1 0.0235244076159 glove 
4 0 10 1 0.0269278691581 glove 
4 0 11 1 0.0198819430321 glove 
4 0 12 1 0.019351577067 glove 
4 0 13 1 0.0277763381089 glove 
4 0 14 1 0.0223006246615 glove 
4 0 15 1 0.0201568028537 glove 
4 0 16 1 0.0307648966805 glove 
4 0 17 1 0.0877884275799 glove 
4 0 18 1 0.0175193009572 glove 
4 0 19 1 0.0206408352001 glove 
4 0 20 1 0.0180387894922 glove 
4 0 21 1 0.0206163119931 glove 
4 0 22 1 0.0162588447236 glove 
4 0 23 1 0.0191960166054 glove 
4 0 24 1 0.0186968004518 glove 
4 0 25 1 0.0184068952388 glove 
4 0 26 1 0.0144854588045 glove 
4 0 27 1 0.0239028184678 glove 
4 0 28 1 0.0258702122936 glove 
4 0 29 1 0.0222845429844 glove 
4 0 30 1 0.0180539740947 glove 
4 0 31 1 0.022100819262 glove 
4 0 32 1 0.0173146682902 glove 
4 0 33 1 0.024541025022 glove 
4 0 34 1 0.0296118270906 glove 
4 0 35 1 0.0221759494589 glove 
4 0 36 1 0.0164366042441 glove 
4 0 37 1 0.0393618126814 glove 
4 0 38 1 0.0395714907852 glove 
4 0 39 1 0.016337781639 glove 
4 0 40 1 0.0181396543994 glove 
4 0 41 1 0.0344991909578 glove 
4 0 42 1 0.0597024786512 glove 
4 0 43 1 0.0212387732553 glove 
5 0 0 1 0.0459682388099 glove 
6 0 0 1 0.0148807974118 glove 
6 0 1 1 0.0165890725671 glove 
6 0 2 1 0.0167863773803 glove 
6 0 3 1 0.0169693292347 glove 
6 0 4 1 0.0215833189036 glove 
7 0 0 1 0.169262342513 glove 
7 0 1 1 0.163094497416 glove 
7 0 2 1 0.0635795428026 glove 
7 0 3 1 0.0574304761253 glove 
7 0 4 1 0.238196643191 glove 
7 0 5 1 0.522719544834 glove 
7 0 6 1 0.0409576184031 glove 
7 0 7 1 0.42985529569 glove 
7 0 8 1 0.0732747792413 glove 
7 0 9 1 0.0593370914108 glove 
7 0 10 1 0.0262718175903 glove 
7 0 11 1 0.0280952251644 glove 
7 0 12 1 0.0336565514459 glove 
7 0 13 1 0.0500157261601 glove 
7 0 14 1 0.0228100373908 glove 
7 0 15 1 0.0738531075234 glove 
7 0 16 1 0.105934092308 glove 
7 0 17 1 0.0401739435261 glove 
7 0 18 1 0.0291618892707 glove 
7 0 19 1 0.056426376675 glove 
7 0 20 1 0.039723697302 glove 
7 0 21 1 0.0562207111821 glove 
7 0 22 1 0.0205520415815 glove 
7 0 23 1 0.0246688910739 glove 
7 0 24 1 0.0338309460343 glove 
7 0 25 1 0.0734069540472 glove 
7 0 26 1 0.0508747915524 glove 
7 0 27 1 0.0206004314588 glove 
7 0 28 1 0.0325737963336 glove 
7 0 29 1 0.0245598405332 glove 
7 0 30 1 0.0517192340702 glove 
7 0 31 1 0.206462677167 glove 
7 0 32 1 0.0291223518121 glove 
7 0 33 1 0.0533207768487 glove 
7 0 34 1 0.016208210253 glove 
7 0 35 1 0.0586449388029 glove 
7 0 36 1 0.0325776352106 glove 
7 0 37 1 0.0920573955324 glove 
7 0 38 1 0.034882006113 glove 
7 0 39 1 0.0538799603361 glove 
7 0 40 1 0.0380672719238 glove 
7 0 41 1 0.0591419160321 glove 
7 0 42 1 0.0193492574196 glove 
7 0 43 1 0.0228534559664 glove 
7 0 44 1 0.0249056673411 glove 
7 0 45 1 0.0320322964348 glove 
7 0 46 1 0.0152153563757 glove 
7 0 47 1 0.043868208671 glove 
7 0 48 1 0.0483143360972 glove 
7 0 49 1 0.0499703990974 glove 
7 0 50 1 0.0772183759802 glove 
7 0 51 1 0.0305157416029 glove 
7 0 52 1 0.0623205388216 glove 
7 0 53 1 0.0229688023867 glove 
7 0 54 1 0.0456641272415 glove 
7 0 55 1 0.0710664925214 glove 
7 0 56 1 0.0473991808426 glove 
7 0 57 1 0.025880166541 glove 
7 0 58 1 0.0190155095536 glove 
7 0 59 1 0.0217014141047 glove 
7 0 60 1 0.0314904527967 glove 
7 0 61 1 0.0271329996207 glove 
7 0 62 1 0.26722787257 glove 
7 0 63 1 0.0714093658746 glove 
7 0 64 1 0.0459802653787 glove 
7 0 65 1 0.0173854000065 glove 
7 0 66 1 0.0293820651283 glove 
7 0 67 1 0.461722492198 glove 
7 0 68 1 0.0483533965158 glove 
7 0 69 1 0.0683353142289 glove 
7 0 70 1 0.0589342503822 glove 
7 0 71 1 0.0491191136296 glove 
7 0 72 1 0.0296006189661 glove 
7 0 73 1 0.0453467078745 glove 
7 0 74 1 0.0467536804621 glove 
7 0 75 1 0.0995193041335 glove 
7 0 76 1 0.255254645541 glove 
7 0 77 1 0.0549572061501 glove 
7 0 78 1 0.0189257205091 glove 
7 0 79 1 0.0236409349087 glove 
7 0 80 1 0.123549970177 glove 
7 0 81 1 0.0642942475464 glove 
7 0 82 1 0.0798769493776 glove 
7 0 83 1 0.23158267889 glove 
7 0 84 1 0.087603031888 glove 
7 0 85 1 0.0297498592183 glove 
7 0 86 1 0.0734991557449 glove 
7 0 87 1 0.0274363062156 glove 
7 0 88 1 0.019410659222 glove 
7 0 89 1 0.239732142949 glove 
7 0 90 1 0.0434478104081 glove 
7 0 91 1 0.0218778381376 glove 
7 0 92 1 0.0465656947979 glove 
7 0 93 1 0.144752766458 glove 
7 0 94 1 0.0704901621418 glove 
7 0 95 1 0.0700052337025 glove 
7 0 96 1 0.303814223046 glove 
7 0 97 1 0.0301680162908 glove 
7 0 98 1 0.037603678198 glove 
7 0 99 1 0.0173456735269 glove 
7 0 100 1 0.0178290304377 glove 
7 0 101 1 0.0298653976993 glove 
7 0 102 1 0.0560179180426 glove 
7 0 103 1 0.0447512985497 glove 
7 0 104 1 0.0202880333192 glove 
7 0 105 1 0.151308421504 glove 
7 0 106 1 0.0475823965804 glove 
7 0 107 1 0.064897440663 glove 
7 0 108 1 0.0377523810308 glove 
7 0 109 1 0.0264901291727 glove 
8 0 0 1 0.0987742279728 glove 
8 0 1 1 0.355638721605 glove 
8 0 2 1 0.0577633234871 glove 
8 0 3 1 0.0310661010439 glove 
8 0 4 1 0.131737921939 glove 
8 0 5 1 0.385702190703 glove 
8 0 6 1 0.019952781281 glove 
8 0 7 1 0.0234829731055 glove 
8 0 8 1 0.0268765612642 glove 
8 0 9 1 0.0195904389617 glove 
8 0 10 1 0.0531511358635 glove 
8 0 11 1 0.0334487273825 glove 
8 0 12 1 0.0302177907916 glove 
8 0 13 1 0.0240581508515 glove 
8 0 14 1 0.0194274515975 glove 
8 0 15 1 0.0260332809069 glove 
8 0 16 1 0.0615516166271 glove 
8 0 17 1 0.0212403378831 glove 
8 0 18 1 0.0323306704902 glove 
8 0 19 1 0.0336349735733 glove 
8 0 20 1 0.037376931381 glove 
8 0 21 1 0.130495043901 glove 
8 0 22 1 0.0212157864947 glove 
8 0 23 1 0.0387261565542 glove 
8 0 24 1 0.0450855748476 glove 
8 0 25 1 0.0664466676554 glove 
8 0 26 1 0.120688810092 glove 
8 0 27 1 0.397599357218 glove 
8 0 28 1 0.0259309785638 glove 
8 0 29 1 0.0315909570147 glove 
8 0 30 1 0.0176175953498 glove 
8 0 31 1 0.0295095184735 glove 
8 0 32 1 0.0417865267661 glove 
8 0 33 1 0.0175682878989 glove 
8 0 34 1 0.0182078202765 glove 
8 0 35 1 0.0727028331017 glove 
8 0 36 1 0.0252061043475 glove 
8 0 37 1 0.0212159718164 glove 
8 0 38 1 0.0227034260676 glove 
8 0 39 1 0.0255126924647 glove 
9 0 0 1 0.0864554411799 glove 
9 0 1 1 0.0450887535108 glove 
9 0 2 1 0.021317402402 glove 
9 0 3 1 0.0239694061101 glove 
9 0 4 1 0.0322825511372 glove 
9 0 5 1 0.0233312941494 glove 
9 0 6 1 0.0164524704279 glove 
9 0 7 1 0.0191738075759 glove 
9 0 8 1 0.0238334858987 glove 
10 0 0 1 0.0755220257476 glove 
10 0 1 1 0.168492927922 glove 
10 0 2 1 0.179235128903 glove 
10 0 3 1 0.098890699169 glove 
10 0 4 1 0.0946954538344 glove 
10 0 5 1 0.0329843222806 glove 
10 0 6 1 0.063197636171 glove 
10 0 7 1 0.0356589715644 glove 
10 0 8 1 0.0337760222952 glove 
10 0 9 1 0.0393575654257 glove 
10 0 10 1 0.0179463477448 glove 
10 0 11 1 0.0169046054383 glove 
10 0 12 1 0.0251466941146 glove 
10 0 13 1 0.0520671097185 glove 
10 0 14 1 0.0178748277051 glove 
10 0 15 1 0.0262407564497 glove 
10 0 16 1 0.0256828642071 glove 
10 0 17 1 0.0194491714358 glove 
10 0 18 1 0.0183432876851 glove 
10 0 19 1 0.03304155944 glove 
10 0 20 1 0.0391839281908 glove 
10 0 21 1 0.0179727175695 glove 
10 0 22 1 0.0330929334406 glove 
10 0 23 1 0.0186907446147 glove 
10 0 24 1 0.303281492395 glove 
10 0 25 1 0.0266977622615 glove 
10 0 26 1 0.0187890266545 glove 
10 0 27 1 0.0461577873635 glove 
10 0 28 1 0.0208971207613 glove 
10 0 29 1 0.0218496451562 glove 
10 0 30 1 0.0179233819359 glove 
10 0 31 1 0.0257135204542 glove 
10 0 32 1 0.0182167072877 glove 
10 0 33 1 0.0158114336395 glove 
10 0 34 1 0.069950885837 glove 
10 0 35 1 0.0190418821466 glove 
10 0 36 1 0.0287312576256 glove 
10 0 37 1 0.0295373280417 glove 
10 0 38 1 0.0214109563076 glove 
10 0 39 1 0.0573052345882 glove 
10 0 40 1 0.0201369113384 glove 
10 0 41 1 0.0194443431041 glove 
10 0 42 1 0.0324346122843 glove 
11 0 0 1 0.0687929157334 glove 
11 0 1 1 0.0572210366808 glove 
11 0 2 1 0.0262507669161 glove 
11 0 3 1 0.0829422509172 glove 
11 0 4 1 0.0203973637527 glove 
11 0 5 1 0.04427875723 glove 
11 0 6 1 0.0630361638208 glove 
11 0 7 1 0.0280247693762 glove 
11 0 8 1 0.0297455557149 glove 
11 0 9 1 0.024745394928 glove 
11 0 10 1 0.0199509054293 glove 
11 0 11 1 0.0314852529219 glove 
11 0 12 1 0.0235280256039 glove 
11 0 13 1 0.130175178703 glove 
11 0 14 1 0.0333829750998 glove 
11 0 15 1 0.0337039862227 glove 
11 0 16 1 0.0198885798787 glove 
11 0 17 1 0.0380771903626 glove 
11 0 18 1 0.0264009816361 glove 
12 0 0 1 0.0631239955704 glove 
12 0 1 1 0.117167707587 glove 
12 0 2 1 0.16040306659 glove 
12 0 3 1 0.123813670039 glove 
12 0 4 1 0.176114022289 glove 
12 0 5 1 0.110830897595 glove 
12 0 6 1 0.206826058459 glove 
12 0 7 1 0.10159824516 glove 
12 0 8 1 0.117215218969 glove 
12 0 9 1 0.441901171084 glove 
12 0 10 1 0.199163067287 glove 
12 0 11 1 0.0519496709096 glove 
12 0 12 1 0.0458340773682 glove 
12 0 13 1 0.0777057356143 glove 
12 0 14 1 0.040629775185 glove 
12 0 15 1 0.111369636712 glove 
12 0 16 1 0.0605261669753 glove 
12 0 17 1 0.108471224749 glove 
12 0 18 1 0.172978496677 glove 
12 0 19 1 0.164480368233 glove 
12 0 20 1 0.0576990845174 glove 
12 0 21 1 0.0484088659457 glove 
12 0 22 1 0.0476252406512 glove 
12 0 23 1 0.0527999006553 glove 
12 0 24 1 0.0619482892285 glove 
12 0 25 1 0.0343807061294 glove 
12 0 26 1 0.0647293729811 glove 
12 0 27 1 0.0464621000425 glove 
12 0 28 1 0.401382245316 glove 
12 0 29 1 0.0521743463099 glove 
12 0 30 1 0.0870209844572 glove 
12 0 31 1 0.06757925103 glove 
12 0 32 1 0.127639731236 glove 
12 0 33 1 0.101910336437 glove 
12 0 34 1 0.0513538427566 glove 
12 0 35 1 0.125890010728 glove 
12 0 36 1 0.342854195272 glove 
12 0 37 1 0.0504164107279 glove 
12 0 38 1 0.15965687614 glove 
12 0 39 1 0.0326859425653 glove 
12 0 40 1 0.232035997149 glove 
12 0 41 1 0.0745420944725 glove 
12 0 42 1 0.13323551791 glove 
12 0 43 1 0.230832807713 glove 
12 0 44 1 0.0669649063526 glove 
12 0 45 1 0.0746283616225 glove 
12 0 46 1 0.138497421913 glove 
12 0 47 1 0.0771204080615 glove 
12 0 48 1 0.130085929072 glove 
12 0 49 1 0.0425538896069 glove 
12 0 50 1 0.0960514910174 glove 
12 0 51 1 0.0830188401383 glove 
12 0 52 1 0.0392542196768 glove 
12 0 53 1 0.0530981085363 glove 
12 0 54 1 0.0500277837334 glove 
12 0 55 1 0.0595904118421 glove 
12 0 56 1 0.0592459603465 glove 
12 0 57 1 0.115235362178 glove 
12 0 58 1 0.168086064902 glove 
12 0 59 1 0.0651361265368 glove 
12 0 60 1 0.124161803387 glove 
12 0 61 1 0.124503377401 glove 
12 0 62 1 0.207286817243 glove 
12 0 63 1 0.227334444491 glove 
12 0 64 1 0.149139849848 glove 
12 0 65 1 0.0363375392789 glove 
12 0 66 1 0.13605355799 glove 
12 0 67 1 0.0347322185706 glove 
12 0 68 1 0.0760563897034 glove 
12 0 69 1 0.130947440209 glove 
12 0 70 1 0.325326343113 glove 
12 0 71 1 0.186424098332 glove 
12 0 72 1 0.0577570682953 glove 
12 0 73 1 0.114010930138 glove 
13 0 0 1 0.163588968829 glove 
13 0 1 1 0.331438703608 glove 
13 0 2 1 0.250152083985 glove 
13 0 3 1 0.0618693344655 glove 
13 0 4 1 0.160634461812 glove 
13 0 5 1 0.302460556768 glove 
13 0 6 1 0.278960907594 glove 
13 0 7 1 0.102469203501 glove 
13 0 8 1 0.101718540695 glove 
13 0 9 1 0.254328047987 glove 
13 0 10 1 0.124295284508 glove 
13 0 11 1 0.295637512717 glove 
13 0 12 1 0.562018913828 glove 
13 0 13 1 0.258169951804 glove 
13 0 14 1 0.0417307876955 glove 
13 0 15 1 0.0900405078514 glove 
13 0 16 1 0.0458648826943 glove 
13 0 17 1 0.197704583243 glove 
13 0 18 1 0.0829503035726 glove 
13 0 19 1 0.211122619032 glove 
13 0 20 1 0.102689160007 glove 
13 0 21 1 0.0571329611138 glove 
13 0 22 1 0.132171300126 glove 
13 0 23 1 0.0361733711116 glove 
13 0 24 1 0.0528920420711 glove 
13 0 25 1 0.0474227367743 glove 
13 0 26 1 0.0920710885651 glove 
13 0 27 1 0.0518161212212 glove 
13 0 28 1 0.0832205173333 glove 
13 0 29 1 0.127767687194 glove 
13 0 30 1 0.0942172701801 glove 
13 0 31 1 0.0867520886065 glove 
13 0 32 1 0.049115343173 glove 
13 0 33 1 0.11049973175 glove 
13 0 34 1 0.12210758732 glove 
13 0 35 1 0.0358031222508 glove 
13 0 36 1 0.0370965879108 glove 
13 0 37 1 0.0854492689794 glove 
13 0 38 1 0.21136024035 glove 
13 0 39 1 0.103402058306 glove 
13 0 40 1 0.164330224723 glove 
13 0 41 1 0.325670516226 glove 
13 0 42 1 0.0659633860305 glove 
13 0 43 1 0.0532612992936 glove 
13 0 44 1 0.0704351247186 glove 
13 0 45 1 0.027336347321 glove 
13 0 46 1 0.0362664559372 glove 
13 0 47 1 0.142022541912 glove 
13 0 48 1 0.0689242426577 glove 
13 0 49 1 0.0749689765517 glove 
13 0 50 1 0.0761454941318 glove 
13 0 51 1 0.0466703837842 glove 
13 0 52 1 0.062409308496 glove 
13 0 53 1 0.0266878183737 glove 
13 0 54 1 0.0934630856754 glove 
13 0 55 1 0.0659009665421 glove 
13 0 56 1 0.0511100682188 glove 
13 0 57 1 0.0807869531194 glove 
13 0 58 1 0.0302150511287 glove 
13 0 59 1 0.0600959508306 glove 
13 0 60 1 0.0562201961642 glove 
13 0 61 1 0.0383523976213 glove 
13 0 62 1 0.143231246651 glove 
13 0 63 1 0.132918394055 glove 
13 0 64 1 0.0918407299392 glove 
13 0 65 1 0.12053433051 glove 
13 0 66 1 0.161445715043 glove 
13 0 67 1 0.100781430684 glove 
13 0 68 1 0.116794865404 glove 
13 0 69 1 0.0606922333327 glove 
13 0 70 1 0.0714349511572 glove 
13 0 71 1 0.0435848743662 glove 
13 0 72 1 0.0673299260581 glove 
13 0 73 1 0.184845829371 glove 
13 0 74 1 0.0341364569857 glove 
13 0 75 1 0.0699918667395 glove 
13 0 76 1 0.0353614774103 glove 
13 0 77 1 0.222364137713 glove 
13 0 78 1 0.084137776769 glove 
13 0 79 1 0.050082766562 glove 
13 0 80 1 0.0531316604987 glove 
13 0 81 1 0.175695649238 glove 
13 0 82 1 0.0276467604277 glove 
13 0 83 1 0.0817102947588 glove 
13 0 84 1 0.0991201194348 glove 
13 0 85 1 0.272258349154 glove 
13 0 86 1 0.197625655099 glove 
13 0 87 1 0.0732248032045 glove 
13 0 88 1 0.20897797533 glove 
13 0 89 1 0.0809854730706 glove 
13 0 90 1 0.0629530597833 glove 
13 0 91 1 0.0434448986262 glove 
13 0 92 1 0.0227102216311 glove 
13 0 93 1 0.0420954308148 glove 
13 0 94 1 0.212654392684 glove 
13 0 95 1 0.11227034585 glove 
13 0 96 1 0.122182073979 glove 
13 0 97 1 0.0608916924596 glove 
13 0 98 1 0.0827190123031 glove 
13 0 99 1 0.0539965347942 glove 
13 0 100 1 0.0418458821295 glove 
13 0 101 1 0.294938918055 glove 
13 0 102 1 0.0374556974134 glove 
13 0 103 1 0.0279680999317 glove 
13 0 104 1 0.0302281144353 glove 
13 0 105 1 0.037968599144 glove 
13 0 106 1 0.0593894580687 glove 
13 0 107 1 0.0278732008282 glove 
13 0 108 1 0.101463118314 glove 
13 0 109 1 0.0508144214228 glove 
13 0 110 1 0.165900721946 glove 
13 0 111 1 0.146153871037 glove 
13 0 112 1 0.0719222053554 glove 
13 0 113 1 0.0518256365894 glove 
13 0 114 1 0.0306366458428 glove 
13 0 115 1 0.0716183579181 glove 
13 0 116 1 0.139653581542 glove 
13 0 117 1 0.0720521376317 glove 
13 0 118 1 0.139917572246 glove 
13 0 119 1 0.20516627489 glove 
13 0 120 1 0.044112287371 glove 
13 0 121 1 0.249789793679 glove 
13 0 122 1 0.114558771151 glove 
13 0 123 1 0.402614551526 glove 
13 0 124 1 0.187384724255 glove 
13 0 125 1 0.0554747618993 glove 
13 0 126 1 0.355257992334 glove 
13 0 127 1 0.0686925602401 glove 
13 0 128 1 0.1162105455 glove 
13 0 129 1 0.10596991029 glove 
14 0 0 1 0.0710004718468 glove 
15 0 0 1 0.140959441143 glove 
15 0 1 1 0.134810193019 glove 
15 0 2 1 0.229107673736 glove 
15 0 3 1 0.40512876694 glove 
15 0 4 1 0.113819289283 glove 
15 0 5 1 0.116956600939 glove 
15 0 6 1 0.0808235590981 glove 
15 0 7 1 0.132346972383 glove 
15 0 8 1 0.034812444107 glove 
15 0 9 1 0.060740191848 glove 
15 0 10 1 0.0440603626308 glove 
15 0 11 1 0.0557763087882 glove 
15 0 12 1 0.0387035968756 glove 
15 0 13 1 0.033202968894 glove 
15 0 14 1 0.0453814294091 glove 
15 0 15 1 0.05279293895 glove 
15 0 16 1 0.149613764619 glove 
15 0 17 1 0.0211784047933 glove 
15 0 18 1 0.117781717701 glove 
15 0 19 1 0.34983769542 glove 
15 0 20 1 0.234837309339 glove 
15 0 21 1 0.0322428539282 glove 
15 0 22 1 0.0503999392989 glove 
15 0 23 1 0.0733631308336 glove 
15 0 24 1 0.0447535758494 glove 
15 0 25 1 0.0315896607618 glove 
15 0 26 1 0.0409381214239 glove 
15 0 27 1 0.0234338022036 glove 
15 0 28 1 0.0248545427668 glove 
15 0 29 1 0.104609080972 glove 
15 0 30 1 0.0224466105697 glove 
15 0 31 1 0.0228790473947 glove 
15 0 32 1 0.0730121977685 glove 
15 0 33 1 0.0285789090386 glove 
15 0 34 1 0.0440449892194 glove 
15 0 35 1 0.0241768323266 glove 
15 0 36 1 0.148061417539 glove 
15 0 37 1 0.0906128814533 glove 
15 0 38 1 0.0360635862514 glove 
15 0 39 1 0.0375453946846 glove 
15 0 40 1 0.0335073295599 glove 
15 0 41 1 0.0563653303584 glove 
15 0 42 1 0.109338974552 glove 
15 0 43 1 0.0513139531024 glove 
15 0 44 1 0.0171583050447 glove 
16 0 0 1 0.0804518325582 glove 
16 0 1 1 0.0247055660177 glove 
16 0 2 1 0.0635243033395 glove 
16 0 3 1 0.0253704674238 glove 
16 0 4 1 0.0407556898603 glove 
16 0 5 1 0.0687920569903 glove 
16 0 6 1 0.0587364464517 glove 
16 0 7 1 0.0340335719713 glove 
16 0 8 1 0.0232251712086 glove 
16 0 9 1 0.0172785275958 glove 
17 0 0 1 0.0735595919715 glove 
17 0 1 1 0.0427070637572 glove 
17 0 2 1 0.0750777849724 glove 
17 0 3 1 0.0297960423975 glove 
17 0 4 1 0.0410987385459 glove 
17 0 5 1 0.0637103114899 glove 
17 0 6 1 0.0628088358188 glove 
18 0 0 1 0.0868697646523 glove 
18 0 1 1 0.12640034179 glove 
18 0 2 1 0.0731938703294 glove 
18 0 3 1 0.33011195681 glove 
18 0 4 1 0.0475483481603 glove 
18 0 5 1 0.1435480379 glove 
18 0 6 1 0.0625876992876 glove 
18 0 7 1 0.134338295957 glove 
18 0 8 1 0.18524222248 glove 
18 0 9 1 0.0755889210988 glove 
18 0 10 1 0.0594863519918 glove 
18 0 11 1 0.0413310045549 glove 
18 0 12 1 0.0945618396061 glove 
18 0 13 1 0.160289102488 glove 
18 0 14 1 0.149011370336 glove 
18 0 15 1 0.0466136017901 glove 
18 0 16 1 0.223422514177 glove 
18 0 17 1 0.1741877666 glove 
19 0 0 1 0.0761194994783 glove 
19 0 1 1 0.0698861124354 glove 
19 0 2 1 0.152115693622 glove 
19 0 3 1 0.0990372879811 glove 
19 0 4 1 0.0318019559937 glove 
19 0 5 1 0.071093602269 glove 
19 0 6 1 0.116851988283 glove 
19 0 7 1 0.0583665087959 glove 
19 0 8 1 0.101096553216 glove 
19 0 9 1 0.141602717038 glove 
19 0 10 1 0.0455386544704 glove 
20 0 0 1 0.0916619087408 glove 
20 0 1 1 0.0440309106419 glove 
20 0 2 1 0.0836113752854 glove 
20 0 3 1 0.0628289582967 glove 
20 0 4 1 0.0593297946021 glove 
20 0 5 1 0.055308971521 glove 
20 0 6 1 0.0291089231191 glove 
20 0 7 1 0.0545233069299 glove 
20 0 8 1 0.0680646902813 glove 
20 0 9 1 0.0294104720053 glove 
21 0 0 1 0.0767576479425 glove 
21 0 1 1 0.0255141943874 glove 
21 0 2 1 0.0380423570749 glove 
21 0 3 1 0.0341570567098 glove 
21 0 4 1 0.0356694436198 glove 
21 0 5 1 0.034693904413 glove 
21 0 6 1 0.0416876826769 glove 
21 0 7 1 0.0657025814757 glove 
22 0 0 1 0.145259555448 glove 
22 0 1 1 0.275903629627 glove 
22 0 2 1 0.0516560247769 glove 
22 0 3 1 0.0619177008563 glove 
23 0 0 1 0.190530690857 glove 
23 0 1 1 0.186397260232 glove 
23 0 2 1 0.0650060994146 glove 
23 0 3 1 0.0912707868715 glove 
23 0 4 1 0.0693204802918 glove 
23 0 5 1 0.103615555827 glove 
23 0 6 1 0.0989107497099 glove 
23 0 7 1 0.0887546377138 glove 
23 0 8 1 0.0611895174891 glove 
23 0 9 1 0.02731532974 glove 
23 0 10 1 0.0320727963979 glove 
23 0 11 1 0.0358974507923 glove 
23 0 12 1 0.0335822749804 glove 
23 0 13 1 0.0241067398833 glove 
23 0 14 1 0.0274147659968 glove 
23 0 15 1 0.0179744384714 glove 
23 0 16 1 0.0773555027034 glove 
23 0 17 1 0.0496949659454 glove 
23 0 18 1 0.105315942613 glove 
23 0 19 1 0.0342661961037 glove 
23 0 20 1 0.028085413208 glove 
23 0 21 1 0.042068642152 glove 
23 0 22 1 0.0788036327537 glove 
23 0 23 1 0.0463548048808 glove 
23 0 24 1 0.0180389492779 glove 
23 0 25 1 0.0201940254088 glove 
23 0 26 1 0.0314836970182 glove 
23 0 27 1 0.0158238093424 glove 
23 0 28 1 0.0172084864612 glove 
23 0 29 1 0.0149906843088 glove 
23 0 30 1 0.0336944424376 glove 
23 0 31 1 0.222365473726 glove 
23 0 32 1 0.0346452082567 glove 
23 0 33 1 0.0183703556449 glove 
23 0 34 1 0.0257438451284 glove 
23 0 35 1 0.0726694100163 glove 
23 0 36 1 0.0383742240181 glove 
23 0 37 1 0.0395648015463 glove 
23 0 38 1 0.0380030949822 glove 
23 0 39 1 0.0226185592553 glove 
23 0 40 1 0.0186935688683 glove 
23 0 41 1 0.0277208771631 glove 
23 0 42 1 0.0244276471796 glove 
23 0 43 1 0.0346234623726 glove 
24 0 0 1 0.0608754900204 glove 
24 0 1 1 0.133515259056 glove 
24 0 2 1 0.0720039178714 glove 
24 0 3 1 0.034451832762 glove 
24 0 4 1 0.05589563519 glove 
24 0 5 1 0.0454172347735 glove 
24 0 6 1 0.0458086542143 glove 
24 0 7 1 0.0327523268555 glove 
24 0 8 1 0.0539383299949 glove 
24 0 9 1 0.034784950498 glove 
25 0 0 1 0.0467684964562 glove 
25 0 1 1 0.0514407373064 glove 
25 0 2 1 0.0540531582689 glove 
25 0 3 1 0.0419368365194 glove 
25 0 4 1 0.0730832337878 glove 
25 0 5 1 0.0244634181257 glove 
25 0 6 1 0.0562568659595 glove 
25 0 7 1 0.0261214412074 glove 
25 0 8 1 0.209155260027 glove 
25 0 9 1 0.0298059725819 glove 
25 0 10 1 0.103721547991 glove 
25 0 11 1 0.0833898056634 glove 
25 0 12 1 0.0691077998373 glove 
25 0 13 1 0.0843032465174 glove 
25 0 14 1 0.0519413884021 glove 
25 0 15 1 0.0381297807287 glove 
25 0 16 1 0.028843099328 glove 
25 0 17 1 0.0241185677413 glove 
25 0 18 1 0.135829750935 glove 
25 0 19 1 0.0650436851569 glove 
25 0 20 1 0.121924625165 glove 
25 0 21 1 0.0246943194822 glove 
25 0 22 1 0.0781432651505 glove 
25 0 23 1 0.0686542311516 glove 
25 0 24 1 0.0433331294455 glove 
25 0 25 1 0.0574547366038 glove 
25 0 26 1 0.0307202871482 glove 
25 0 27 1 0.0251127332683 glove 
25 0 28 1 0.0277430415915 glove 
25 0 29 1 0.0992350344327 glove 
25 0 30 1 0.0433613495048 glove 
25 0 31 1 0.0536658900173 glove 
25 0 32 1 0.0455317803283 glove 
25 0 33 1 0.0863674309645 glove 
25 0 34 1 0.0819127142136 glove 
25 0 35 1 0.0320807409265 glove 
25 0 36 1 0.0343907515601 glove 
25 0 37 1 0.0420421797939 glove 
25 0 38 1 0.046149389506 glove 
25 0 39 1 0.037224901785 glove 
25 0 40 1 0.0372922416664 glove 
25 0 41 1 0.0350606832608 glove 
25 0 42 1 0.0352144900458 glove 
25 0 43 1 0.0251089019527 glove 
25 0 44 1 0.0645664089168 glove 
26 0 0 1 0.19177010573 glove 
26 0 1 1 0.0425233497864 glove 
26 0 2 1 0.0560845844895 glove 
26 0 3 1 0.0474944838579 glove 
26 0 4 1 0.0289724596261 glove 
26 0 5 1 0.0433489747962 glove 
26 0 6 1 0.0327499080471 glove 
26 0 7 1 0.04919451287 glove 
26 0 8 1 0.0464508905202 glove 
26 0 9 1 0.015136511124 glove 
26 0 10 1 0.0398364332621 glove 
26 0 11 1 0.0251020824566 glove 
26 0 12 1 0.0754933694815 glove 
26 0 13 1 0.0516070338229 glove 
26 0 14 1 0.0584197747093 glove 
26 0 15 1 0.0202454561318 glove 
26 0 16 1 0.0289036334045 glove 
26 0 17 1 0.0222628488411 glove 
26 0 18 1 0.022399980924 glove 
26 0 19 1 0.06468945941 glove 
26 0 20 1 0.0181975690263 glove 
26 0 21 1 0.0143568841197 glove 
26 0 22 1 0.0367782905053 glove 
26 0 23 1 0.0457930374803 glove 
26 0 24 1 0.0936856832233 glove 
26 0 25 1 0.0471137203091 glove 
26 0 26 1 0.0328031748207 glove 
26 0 27 1 0.0365736418156 glove 
26 0 28 1 0.270895181116 glove 
26 0 29 1 0.0335468384701 glove 
26 0 30 1 0.0199633196575 glove 
26 0 31 1 0.0269127004613 glove 
26 0 32 1 0.0252420655123 glove 
26 0 33 1 0.0181974952276 glove 
26 0 34 1 0.0213234452857 glove 
26 0 35 1 0.0291227604504 glove 
26 0 36 1 0.034671106762 glove 
26 0 37 1 0.0170080445712 glove 
26 0 38 1 0.0332096693703 glove 
26 0 39 1 0.0215287694069 glove 
26 0 40 1 0.0910413485779 glove 
26 0 41 1 0.0328751499703 glove 
26 0 42 1 0.0244773411717 glove 
26 0 43 1 0.0436872212018 glove 
26 0 44 1 0.0636508898708 glove 
26 0 45 1 0.0258800118992 glove 
26 0 46 1 0.0194703868578 glove 
26 0 47 1 0.0380027022994 glove 
26 0 48 1 0.0381045086876 glove 
26 0 49 1 0.0347838229303 glove 
26 0 50 1 0.0313884615213 glove 
26 0 51 1 0.0219674897215 glove 
26 0 52 1 0.0324986253622 glove 
26 0 53 1 0.0216125022988 glove 
26 0 54 1 0.0830326859663 glove 
26 0 55 1 0.164227480342 glove 
26 0 56 1 0.177762610589 glove 
26 0 57 1 0.0362199856846 glove 
26 0 58 1 0.181785574751 glove 
26 0 59 1 0.0257619740739 glove 
26 0 60 1 0.0699781233984 glove 
26 0 61 1 0.023405219874 glove 
26 0 62 1 0.0566715059027 glove 
26 0 63 1 0.0613340119092 glove 
26 0 64 1 0.0297518467549 glove 
26 0 65 1 0.0170645503661 glove 
26 0 66 1 0.0767891090269 glove 
26 0 67 1 0.016772553574 glove 
26 0 68 1 0.0282837312633 glove 
26 0 69 1 0.0145401191747 glove 
26 0 70 1 0.0150895251901 glove 
26 0 71 1 0.0232112288752 glove 
27 0 0 1 0.0314214521531 glove 
28 0 0 1 0.0356577527663 glove 
28 0 1 1 0.0281594313496 glove 
28 0 2 1 0.101097911563 glove 
28 0 3 1 0.0269246112661 glove 
28 0 4 1 0.0246535364888 glove 
28 0 5 1 0.0152557671327 glove 
29 0 0 1 0.6353617402 glove 
29 0 1 1 0.161387172802 glove 
29 0 2 1 0.0198405557899 glove 
29 0 3 1 0.0161933205545 glove 
29 0 4 1 0.0260401461477 glove 
30 0 0 1 0.0904392359704 glove 
30 0 1 1 0.0500199092861 glove 
30 0 2 1 0.0525422856888 glove 
30 0 3 1 0.0295347379734 glove 
30 0 4 1 0.096990856026 glove 
31 0 0 1 0.0990656362782 glove 
31 0 1 1 0.103864257099 glove 
31 0 2 1 0.156240160215 glove 
31 0 3 1 0.258644244752 glove 
31 0 4 1 0.428874817095 glove 
31 0 5 1 0.235380825491 glove 
31 0 6 1 0.141514528591 glove 
31 0 7 1 0.0608050731165 glove 
31 0 8 1 0.133819848656 glove 
31 0 9 1 0.269098624238 glove 
31 0 10 1 0.0193804097584 glove 
31 0 11 1 0.0495680076623 glove 
31 0 12 1 0.0535356240908 glove 
31 0 13 1 0.0444233346753 glove 
31 0 14 1 0.0190715327437 glove 
31 0 15 1 0.0474967768767 glove 
31 0 16 1 0.095885799685 glove 
31 0 17 1 0.0350001411374 glove 
31 0 18 1 0.0260873212393 glove 
31 0 19 1 0.0400646629691 glove 
31 0 20 1 0.106120640432 glove 
31 0 21 1 0.102043525226 glove 
31 0 22 1 0.212304776891 glove 
32 0 0 1 0.142464739492 glove 
32 0 1 1 0.119727608342 glove 
32 0 2 1 0.165146189167 glove 
32 0 3 1 0.201676956975 glove 
32 0 4 1 0.225691005073 glove 
32 0 5 1 0.344318931717 glove 
32 0 6 1 0.170138045391 glove 
32 0 7 1 0.199537977482 glove 
32 0 8 1 0.309448653257 glove 
32 0 9 1 0.0379906687777 glove 
32 0 10 1 0.0660091022733 glove 
32 0 11 1 0.0217237276382 glove 
32 0 12 1 0.0945030778351 glove 
32 0 13 1 0.0682820266025 glove 
32 0 14 1 0.0204400328622 glove 
32 0 15 1 0.10092826205 glove 
32 0 16 1 0.0237232263769 glove 
32 0 17 1 0.0248957260976 glove 
32 0 18 1 0.0340164182729 glove 
32 0 19 1 0.0239812555625 glove 
32 0 20 1 0.0282109385343 glove 
32 0 21 1 0.085955541652 glove 
32 0 22 1 0.0430389344989 glove 
32 0 23 1 0.0325052574862 glove 
32 0 24 1 0.0552990252755 glove 
32 0 25 1 0.0301616499197 glove 
32 0 26 1 0.0246168366744 glove 
32 0 27 1 0.190099253613 glove 
33 0 0 1 0.090259274664 glove 
33 0 1 1 0.189207735946 glove 
33 0 2 1 0.0267517748045 glove 
33 0 3 1 0.0750389976328 glove 
33 0 4 1 0.0333901971418 glove 
33 0 5 1 0.127894073171 glove 
33 0 6 1 0.459429915553 glove 
33 0 7 1 0.104755374384 glove 
33 0 8 1 0.0849980119238 glove 
33 0 9 1 0.0346494128662 glove 
33 0 10 1 0.0615524350274 glove 
33 0 11 1 0.0289239928593 glove 
33 0 12 1 0.0741351474813 glove 
33 0 13 1 0.0408039684855 glove 
33 0 14 1 0.0337943681151 glove 
33 0 15 1 0.581435478577 glove 
33 0 16 1 0.0700167522887 glove 
33 0 17 1 0.0753289973087 glove 
33 0 18 1 0.151839013574 glove 
33 0 19 1 0.315168672041 glove 
33 0 20 1 0.107720040157 glove 
33 0 21 1 0.130545346311 glove 
33 0 22 1 0.0909842591999 glove 
34 0 0 1 0.118412217113 glove 
34 0 1 1 0.181147342032 glove 
34 0 2 1 0.117101416222 glove 
34 0 3 1 0.114909168038 glove 
34 0 4 1 0.056845903711 glove 
34 0 5 1 0.120604619352 glove 
34 0 6 1 0.0492774825667 glove 
34 0 7 1 0.0619120669302 glove 
34 0 8 1 0.132981117542 glove 
34 0 9 1 0.0487639385228 glove 
34 0 10 1 0.0896050713686 glove 
34 0 11 1 0.0778004095137 glove 
34 0 12 1 0.0875171678947 glove 
34 0 13 1 0.0834348597591 glove 
34 0 14 1 0.0539420388819 glove 
34 0 15 1 0.0697714719813 glove 
34 0 16 1 0.0679754015457 glove 
34 0 17 1 0.141507262619 glove 
34 0 18 1 0.049689859595 glove 
34 0 19 1 0.0518274017739 glove 
34 0 20 1 0.0898984993866 glove 
34 0 21 1 0.174341280524 glove 
34 0 22 1 0.0470148175875 glove 
34 0 23 1 0.0453510923718 glove 
34 0 24 1 0.0301206578664 glove 
34 0 25 1 0.139623497949 glove 
34 0 26 1 0.0583931610808 glove 
34 0 27 1 0.0540860025309 glove 
34 0 28 1 0.0500151674836 glove 
34 0 29 1 0.0623363765225 glove 
34 0 30 1 0.127222502573 glove 
34 0 31 1 0.0448753150013 glove 
34 0 32 1 0.079438418379 glove 
34 0 33 1 0.0199112731877 glove 
34 0 34 1 0.0594778236351 glove 
34 0 35 1 0.0879753762796 glove 
34 0 36 1 0.0672497576462 glove 
34 0 37 1 0.0580056374841 glove 
34 0 38 1 0.101467500597 glove 
34 0 39 1 0.0729599563134 glove 
34 0 40 1 0.127742393733 glove 
34 0 41 1 0.0672991296352 glove 
34 0 42 1 0.143305234394 glove 
34 0 43 1 0.102014897184 glove 
34 0 44 1 0.0430817229037 glove 
34 0 45 1 0.0907648332704 glove 
35 0 0 1 0.146238590549 glove 
35 0 1 1 0.150440032588 glove 
35 0 2 1 0.043946553667 glove 
35 0 3 1 0.0462903983102 glove 
35 0 4 1 0.0412253561064 glove 
35 0 5 1 0.0924675319713 glove 
35 0 6 1 0.0263781290327 glove 
35 0 7 1 0.101381341024 glove 
35 0 8 1 0.0551140366727 glove 
35 0 9 1 0.036753308554 glove 
35 0 10 1 0.123873863174 glove 
35 0 11 1 0.194687719051 glove 
35 0 12 1 0.117740450118 glove 
35 0 13 1 0.0346433708139 glove 
35 0 14 1 0.0392040507467 glove 
35 0 15 1 0.174979692533 glove 
35 0 16 1 0.138300607402 glove 
35 0 17 1 0.0653634983646 glove 
35 0 18 1 0.0856121018361 glove 
35 0 19 1 0.0606236681114 glove 
35 0 20 1 0.0646763735995 glove 
35 0 21 1 0.179706222441 glove 
35 0 22 1 0.0595121355732 glove 
37 0 0 1 0.134934527626 glove 
38 0 0 1 0.0681822777436 glove 
38 0 1 1 0.0692920162857 glove 
38 0 2 1 0.0390007344439 glove 
38 0 3 1 0.142251226833 glove 
38 0 4 1 0.0449688349137 glove 
38 0 5 1 0.0534711475339 glove 
38 0 6 1 0.0309331331963 glove 
38 0 7 1 0.50958875396 glove 
38 0 8 1 0.0547408439537 glove 
38 0 9 1 0.03628172772 glove 
38 0 10 1 0.0986197985001 glove 
38 0 11 1 0.0355535133179 glove 
38 0 12 1 0.0254851005502 glove 
38 0 13 1 0.059167589213 glove 
38 0 14 1 0.0670901354561 glove 
38 0 15 1 0.0531898755223 glove 
38 0 16 1 0.0390891816306 glove 
38 0 17 1 0.0438143787126 glove 
38 0 18 1 0.0502440623445 glove 
38 0 19 1 0.0342120659955 glove 
38 0 20 1 0.0351843391083 glove 
38 0 21 1 0.0426231725154 glove 
38 0 22 1 0.0267698661755 glove 
38 0 23 1 0.0280310135516 glove 
39 0 0 1 0.285565872319 glove 
39 0 1 1 0.173715809545 glove 
39 0 2 1 0.02818491867 glove 
39 0 3 1 0.0333548001442 glove 
39 0 4 1 0.0179245354599 glove 
39 0 5 1 0.0213413235502 glove 
39 0 6 1 0.0166967894585 glove 
39 0 7 1 0.0334496099262 glove 
39 0 8 1 0.0440847005295 glove 
39 0 9 1 0.0167089625145 glove 
39 0 10 1 0.029921208096 glove 
39 0 11 1 0.0547017440295 glove 
39 0 12 1 0.0259407551057 glove 
39 0 13 1 0.0174107828312 glove 
39 0 14 1 0.0221503658314 glove 
40 0 0 1 0.0242866101687 glove 
41 0 0 1 0.0794431254346 glove 
41 0 1 1 0.0341471840681 glove 
41 0 2 1 0.0155745119818 glove 
42 0 0 1 0.185701810122 glove 
42 0 1 1 0.237108343653 glove 
42 0 2 1 0.382787016926 glove 
42 0 3 1 0.0809987145692 glove 
42 0 4 1 0.10384043139 glove 
42 0 5 1 0.104008682687 glove 
42 0 6 1 0.0853375263006 glove 
42 0 7 1 0.129261335448 glove 
42 0 8 1 0.304546971996 glove 
42 0 9 1 0.0900343875379 glove 
42 0 10 1 0.0861015794888 glove 
42 0 11 1 0.0390076600284 glove 
42 0 12 1 0.0159376682513 glove 
42 0 13 1 0.0228945972322 glove 
42 0 14 1 0.0474876158618 glove 
42 0 15 1 0.0496352321225 glove 
42 0 16 1 0.0353803466214 glove 
42 0 17 1 0.0369159180545 glove 
42 0 18 1 0.138735007337 glove 
42 0 19 1 0.0644713134516 glove 
42 0 20 1 0.0651469651245 glove 
42 0 21 1 0.0340861992329 glove 
43 0 0 1 0.145053724188 glove 
43 0 1 1 0.243354293661 glove 
43 0 2 1 0.196232298932 glove 
43 0 3 1 0.197368877367 glove 
43 0 4 1 0.143592910943 glove 
43 0 5 1 0.2633104359 glove 
43 0 6 1 0.210910302176 glove 
43 0 7 1 0.0383305695464 glove 
43 0 8 1 0.0845454677433 glove 
43 0 9 1 0.0404772623719 glove 
43 0 10 1 0.0263036626366 glove 
43 0 11 1 0.0408606190847 glove 
43 0 12 1 0.0317890532753 glove 
43 0 13 1 0.0420086402194 glove 
43 0 14 1 0.0194802607161 glove 
43 0 15 1 0.10113501931 glove 
44 0 0 1 0.10681313311 glove 
44 0 1 1 0.145118897516 glove 
44 0 2 1 0.0797743891709 glove 
44 0 3 1 0.120588487257 glove 
44 0 4 1 0.0496469574914 glove 
44 0 5 1 0.0441835136437 glove 
45 0 0 1 0.364929882625 glove 
45 0 1 1 0.034960008202 glove 
45 0 2 1 0.129856037056 glove 
45 0 3 1 0.0333757066318 glove 
45 0 4 1 0.0447817290918 glove 
46 0 0 1 0.0354642963592 glove 
47 0 0 1 0.214929200698 glove 
47 0 1 1 0.225909181048 glove 
47 0 2 1 0.186518594983 glove 
47 0 3 1 0.154207776554 glove 
47 0 4 1 0.136110383347 glove 
47 0 5 1 0.125057459477 glove 
47 0 6 1 0.140815789107 glove 
47 0 7 1 0.127133887118 glove 
47 0 8 1 0.17071114913 glove 
47 0 9 1 0.262905221279 glove 
47 0 10 1 0.115441097459 glove 
47 0 11 1 0.0724830304019 glove 
47 0 12 1 0.172351006563 glove 
47 0 13 1 0.183264455899 glove 
47 0 14 1 0.331383570334 glove 
47 0 15 1 0.0634980349082 glove 
47 0 16 1 0.110999536719 glove 
47 0 17 1 0.267794771088 glove 
47 0 18 1 0.0462570111018 glove 
47 0 19 1 0.144166075699 glove 
47 0 20 1 0.122597572299 glove 
47 0 21 1 0.195792174024 glove 
47 0 22 1 0.170593472507 glove 
47 0 23 1 0.0508547441382 glove 
47 0 24 1 0.0763777960946 glove 
47 0 25 1 0.058634970841 glove 
47 0 26 1 0.0998336057613 glove 
47 0 27 1 0.175590372001 glove 
47 0 28 1 0.161838290441 glove 
47 0 29 1 0.0714057464713 glove 
47 0 30 1 0.139056017336 glove 
47 0 31 1 0.136642529369 glove 
47 0 32 1 0.108442434133 glove 
47 0 33 1 0.0729892719345 glove 
47 0 34 1 0.0954375056082 glove 
47 0 35 1 0.143661724806 glove 
47 0 36 1 0.0874430202321 glove 
48 0 0 1 0.193000775655 glove 
48 0 1 1 0.158106360005 glove 
48 0 2 1 0.0411081532592 glove 
48 0 3 1 0.0328221013422 glove 
48 0 4 1 0.0457225669278 glove 
48 0 5 1 0.038906312288 glove 
48 0 6 1 0.131583946171 glove 
49 0 0 1 0.0479583082366 glove 
49 0 1 1 0.0703355508278 glove 
49 0 2 1 0.0683238438586 glove 
49 0 3 1 0.116941927077 glove 
49 0 4 1 0.0951484939888 glove 
49 0 5 1 0.0452661548536 glove 
49 0 6 1 0.0626129930431 glove 
49 0 7 1 0.0301250851411 glove 
49 0 8 1 0.023919497947 glove 
49 0 9 1 0.047378353007 glove 
49 0 10 1 0.0930443331282 glove 
49 0 11 1 0.0289967205591 glove 
50 0 0 1 0.385434575553 glove 
50 0 1 1 0.158324961111 glove 
50 0 2 1 0.264961597975 glove 
50 0 3 1 0.184331165574 glove 
50 0 4 1 0.0515366602932 glove 
50 0 5 1 0.0352807064409 glove 
50 0 6 1 0.0310925271986 glove 
50 0 7 1 0.0369705595702 glove 
50 0 8 1 0.0770514463507 glove 
50 0 9 1 0.0546756161266 glove 
50 0 10 1 0.0391151900276 glove 
50 0 11 1 0.0891427983561 glove 
50 0 12 1 0.0452274656835 glove 
50 0 13 1 0.0740979761756 glove 
50 0 14 1 0.0628415178042 glove 
50 0 15 1 0.0646023518295 glove 
50 0 16 1 0.0596096015463 glove 
50 0 17 1 0.066001912683 glove 
50 0 18 1 0.0464849278523 glove 
50 0 19 1 0.0424370648797 glove 
50 0 20 1 0.0340602262767 glove 
50 0 21 1 0.0802143950227 glove 
50 0 22 1 0.0653549956859 glove 
50 0 23 1 0.0351781970188 glove 
50 0 24 1 0.0646640612091 glove 
50 0 25 1 0.0456089778371 glove 
50 0 26 1 0.0850238547543 glove 
50 0 27 1 0.027354725273 glove 
50 0 28 1 0.0794255617927 glove 
50 0 29 1 0.0547547595623 glove 
50 0 30 1 0.0519815083908 glove 
50 0 31 1 0.0490870720977 glove 
50 0 32 1 0.0522355691709 glove 
50 0 33 1 0.0772501084722 glove 
50 0 34 1 0.0987723959403 glove 
50 0 35 1 0.0761063969295 glove 
50 0 36 1 0.0571556948675 glove 
50 0 37 1 0.0929149544008 glove 
50 0 38 1 0.192232019999 glove 
50 0 39 1 0.0427085690603 glove 
50 0 40 1 0.313169815972 glove 
50 0 41 1 0.0836259624235 glove 
50 0 42 1 0.0719928256562 glove 
50 0 43 1 0.0506815680501 glove 
50 0 44 1 0.14309274361 glove 
50 0 45 1 0.103815580224 glove 
50 0 46 1 0.244251423872 glove 
51 0 0 1 0.106881557778 glove 
51 0 1 1 0.201426613161 glove 
51 0 2 1 0.0814855979448 glove 
51 0 3 1 0.172888199821 glove 
51 0 4 1 0.0696475543077 glove 
51 0 5 1 0.0527184123744 glove 
51 0 6 1 0.0969163796284 glove 
51 0 7 1 0.0632348520406 glove 
52 0 0 1 0.0616154290027 glove 
52 0 1 1 0.0489266676569 glove 
53 0 0 1 0.171912998605 glove 
53 0 1 1 0.255726667467 glove 
53 0 2 1 0.553436893216 glove 
53 0 3 1 0.133759475055 glove 
53 0 4 1 0.0463921549719 glove 
53 0 5 1 0.0287350022364 glove 
53 0 6 1 0.117033212627 glove 
53 0 7 1 0.0317966916275 glove 
53 0 8 1 0.0309711577359 glove 
53 0 9 1 0.106105137624 glove 
53 0 10 1 0.0484235227163 glove 
53 0 11 1 0.091857216606 glove 
54 0 0 1 0.0835357494566 glove 
54 0 1 1 0.0575817922289 glove 
54 0 2 1 0.0555159900401 glove 
54 0 3 1 0.115195828821 glove 
54 0 4 1 0.124588382624 glove 
54 0 5 1 0.293597742831 glove 
54 0 6 1 0.0543303884203 glove 
54 0 7 1 0.0946860004188 glove 
54 0 8 1 0.0708167085319 glove 
54 0 9 1 0.11000557958 glove 
54 0 10 1 0.0552768943539 glove 
54 0 11 1 0.0288108214709 glove 
54 0 12 1 0.0805289937411 glove 
54 0 13 1 0.253795603274 glove 
54 0 14 1 0.0492260248405 glove 
55 0 0 1 0.315448080974 glove 
55 0 1 1 0.0323227478641 glove 
55 0 2 1 0.137092138504 glove 
55 0 3 1 0.0729150319723 glove 
55 0 4 1 0.0447800474857 glove 
55 0 5 1 0.102134610289 glove 
55 0 6 1 0.0770514835223 glove 
55 0 7 1 0.0554439060133 glove 
55 0 8 1 0.29272257162 glove 
55 0 9 1 0.0982198331248 glove 
56 0 0 1 0.0445583339478 glove 
57 0 0 1 0.163101033666 glove 
57 0 1 1 0.0734587478778 glove 
57 0 2 1 0.114559917911 glove 
57 0 3 1 0.110228169153 glove 
57 0 4 1 0.0666533408634 glove 
58 0 0 1 0.14185496969 glove 
58 0 1 1 0.0545034369934 glove 
58 0 2 1 0.0711396325118 glove 
59 0 0 1 0.148505481083 glove 
59 0 1 1 0.0780136094813 glove 
59 0 2 1 0.0349381262548 glove 
59 0 3 1 0.0559862677568 glove 
59 0 4 1 0.210503377207 glove 
59 0 5 1 0.0339803998322 glove 
59 0 6 1 0.0187842220449 glove 
59 0 7 1 0.0272134899657 glove 
59 0 8 1 0.0174699713387 glove 
59 0 9 1 0.0258606979511 glove 
59 0 10 1 0.0422616295508 glove 
59 0 11 1 0.0417257654299 glove 
59 0 12 1 0.0311465486842 glove 
59 0 13 1 0.0243787085283 glove 
59 0 14 1 0.0195456600481 glove 
59 0 15 1 0.032358835893 glove 
59 0 16 1 0.0569806728904 glove 
59 0 17 1 0.0209196133319 glove 
59 0 18 1 0.0236958606264 glove 
59 0 19 1 0.0267947112207 glove 
59 0 20 1 0.0178214930486 glove 
59 0 21 1 0.0349075662742 glove 
59 0 22 1 0.0241808925231 glove 
59 0 23 1 0.0675834353515 glove 
59 0 24 1 0.0266392762604 glove 
59 0 25 1 0.0245701894454 glove 
59 0 26 1 0.0236910440995 glove 
60 0 0 1 0.0757871581391 glove 
60 0 1 1 0.044100551666 glove 
60 0 2 1 0.0257557704319 glove 
60 0 3 1 0.0234416404735 glove 
60 0 4 1 0.0578860912436 glove 
60 0 5 1 0.0172159527543 glove 
60 0 6 1 0.0235134633648 glove 
60 0 7 1 0.0162287183164 glove 
60 0 8 1 0.0914207079375 glove 
61 0 0 1 0.0528499643182 glove 
61 0 1 1 0.0683365921249 glove 
61 0 2 1 0.351545494087 glove 
61 0 3 1 0.0692781091237 glove 
61 0 4 1 0.100370161234 glove 
61 0 5 1 0.0465245836604 glove 
61 0 6 1 0.0807368260035 glove 
61 0 7 1 0.121125173824 glove 
61 0 8 1 0.0767959613081 glove 
61 0 9 1 0.0642691137256 glove 
61 0 10 1 0.0439754820564 glove 
62 0 0 1 0.0838018205251 glove 
62 0 1 1 0.0704783332062 glove 
62 0 2 1 0.28495138441 glove 
62 0 3 1 0.137416959771 glove 
62 0 4 1 0.0354385309132 glove 
62 0 5 1 0.0444643799097 glove 
62 0 6 1 0.053551851975 glove 
62 0 7 1 0.0792835084838 glove 
62 0 8 1 0.154923694234 glove 
62 0 9 1 0.04023346682 glove 
62 0 10 1 0.110909771188 glove 
62 0 11 1 0.09391311494 glove 
62 0 12 1 0.0750042704874 glove 
62 0 13 1 0.109000587529 glove 
62 0 14 1 0.0435505126123 glove 
62 0 15 1 0.132235104316 glove 
62 0 16 1 0.100058982329 glove 
63 0 0 1 0.135387805689 glove 
63 0 1 1 0.126555266293 glove 
63 0 2 1 0.0301767822462 glove 
63 0 3 1 0.216974949912 glove 
63 0 4 1 0.0752462436999 glove 
63 0 5 1 0.19621923712 glove 
63 0 6 1 0.198739047483 glove 
63 0 7 1 0.0451179410517 glove 
63 0 8 1 0.0357155398965 glove 
63 0 9 1 0.0447146751303 glove 
63 0 10 1 0.0435757141278 glove 
63 0 11 1 0.0291051399291 glove 
63 0 12 1 0.0910561342653 glove 
63 0 13 1 0.111766890515 glove 
63 0 14 1 0.175857304789 glove 
63 0 15 1 0.0408358646921 glove 
63 0 16 1 0.125144931668 glove 
63 0 17 1 0.0319974038049 glove 
63 0 18 1 0.0598427711154 glove 
63 0 19 1 0.0794853525402 glove 
63 0 20 1 0.040152118858 glove 
63 0 21 1 0.0389459028358 glove 
63 0 22 1 0.0529115262762 glove 
63 0 23 1 0.0964177347647 glove 
63 0 24 1 0.0899427412255 glove 
63 0 25 1 0.0434107212569 glove 
63 0 26 1 0.0184759121122 glove 
63 0 27 1 0.0327864248891 glove 
63 0 28 1 0.0934822192801 glove 
63 0 29 1 0.0396976892458 glove 
63 0 30 1 0.0247447164657 glove 
63 0 31 1 0.0305284097685 glove 
63 0 32 1 0.0436668797825 glove 
63 0 33 1 0.133151793152 glove 
63 0 34 1 0.0275344875325 glove 
63 0 35 1 0.0634994231523 glove 
63 0 36 1 0.062929654561 glove 
63 0 37 1 0.0299647134162 glove 
63 0 38 1 0.0202139459925 glove 
63 0 39 1 0.0996054961812 glove 
63 0 40 1 0.0797130812972 glove 
63 0 41 1 0.032365917886 glove 
63 0 42 1 0.0577558143703 glove 
63 0 43 1 0.0577791542124 glove 
63 0 44 1 0.0639213780695 glove 
63 0 45 1 0.0502265993158 glove 
63 0 46 1 0.0874632721068 glove 
63 0 47 1 0.0837798110054 glove 
63 0 48 1 0.0454155668186 glove 
63 0 49 1 0.108803379412 glove 
63 0 50 1 0.0586449647934 glove 
63 0 51 1 0.0453126806587 glove 
63 0 52 1 0.0800019889952 glove 
63 0 53 1 0.0872585259102 glove 
63 0 54 1 0.045492263153 glove 
63 0 55 1 0.030508899766 glove 
63 0 56 1 0.0239445863991 glove 
63 0 57 1 0.273969737059 glove 
63 0 58 1 0.0561693398838 glove 
63 0 59 1 0.0467612497858 glove 
63 0 60 1 0.0202939220221 glove 
63 0 61 1 0.024953984696 glove 
63 0 62 1 0.036238635102 glove 
63 0 63 1 0.0649768695353 glove 
63 0 64 1 0.138109722123 glove 
63 0 65 1 0.0929648959122 glove 
63 0 66 1 0.0407303400865 glove 
63 0 67 1 0.0592139080629 glove 
63 0 68 1 0.0403826271267 glove 
63 0 69 1 0.0654683990293 glove 
63 0 70 1 0.0308473638934 glove 
63 0 71 1 0.0475715016424 glove 
63 0 72 1 0.0544626473678 glove 
63 0 73 1 0.0417700788096 glove 
63 0 74 1 0.0801835984059 glove 
63 0 75 1 0.0660732618782 glove 
63 0 76 1 0.0421477720744 glove 
63 0 77 1 0.0185679930292 glove 
63 0 78 1 0.0360451176535 glove 
63 0 79 1 0.0333061290792 glove 
63 0 80 1 0.0664634468329 glove 
63 0 81 1 0.0288169441625 glove 
63 0 82 1 0.130770806545 glove 
63 0 83 1 0.0344571955471 glove 
63 0 84 1 0.0223390935544 glove 
63 0 85 1 0.0405253503274 glove 
63 0 86 1 0.0960762642448 glove 
63 0 87 1 0.0829848456503 glove 
63 0 88 1 0.0366816086749 glove 
63 0 89 1 0.0627678102433 glove 
63 0 90 1 0.0235263426002 glove 
63 0 91 1 0.0840047231164 glove 
63 0 92 1 0.028789524758 glove 
63 0 93 1 0.0531380382571 glove 
63 0 94 1 0.054068746257 glove 
63 0 95 1 0.0387214342203 glove 
63 0 96 1 0.0598422635372 glove 
63 0 97 1 0.0420358896464 glove 
63 0 98 1 0.0201999661847 glove 
63 0 99 1 0.0387580104703 glove 
63 0 100 1 0.0353176471335 glove 
63 0 101 1 0.0385730578358 glove 
63 0 102 1 0.038734409088 glove 
63 0 103 1 0.0335997664607 glove 
63 0 104 1 0.0283246876994 glove 
63 0 105 1 0.0291447866954 glove 
63 0 106 1 0.0356685859281 glove 
63 0 107 1 0.049351125068 glove 
63 0 108 1 0.0258233692339 glove 
63 0 109 1 0.0189670444717 glove 
63 0 110 1 0.0189070122002 glove 
64 0 0 1 0.358521476915 glove 
64 0 1 1 0.349387268512 glove 
64 0 2 1 0.235285127962 glove 
64 0 3 1 0.0640511638872 glove 
64 0 4 1 0.0459519615527 glove 
64 0 5 1 0.175599727659 glove 
64 0 6 1 0.0315964814616 glove 
64 0 7 1 0.025389690273 glove 
64 0 8 1 0.519135175255 glove 
64 0 9 1 0.0903196174789 glove 
64 0 10 1 0.0345436190642 glove 
64 0 11 1 0.0632983510273 glove 
64 0 12 1 0.12467254748 glove 
64 0 13 1 0.212873285109 glove 
64 0 14 1 0.155696532836 glove 
64 0 15 1 0.227191557945 glove 
64 0 16 1 0.12932707282 glove 
64 0 17 1 0.301118727169 glove 
64 0 18 1 0.392405951675 glove 
64 0 19 1 0.0823585360033 glove 
64 0 20 1 0.263844481928 glove 
64 0 21 1 0.100156148458 glove 
64 0 22 1 0.152820036378 glove 
64 0 23 1 0.374753635187 glove 
64 0 24 1 0.0438537283048 glove 
64 0 25 1 0.0581945714527 glove 
64 0 26 1 0.0669246629695 glove 
65 0 0 1 0.122992512824 glove 
65 0 1 1 0.233615242966 glove 
65 0 2 1 0.0620868072687 glove 
66 0 0 1 0.165688963232 glove 
66 0 1 1 0.0942044424582 glove 
66 0 2 1 0.0435336579463 glove 
66 0 3 1 0.0413368579778 glove 
66 0 4 1 0.0574675895171 glove 
66 0 5 1 0.0300906768694 glove 
66 0 6 1 0.0267404513127 glove 
66 0 7 1 0.0581784199161 glove 
66 0 8 1 0.0308682135505 glove 
66 0 9 1 0.0491575589461 glove 
66 0 10 1 0.111743193099 glove 
66 0 11 1 0.0982861216449 glove 
66 0 12 1 0.0285944813983 glove 
66 0 13 1 0.125065793369 glove 
66 0 14 1 0.0814766734964 glove 
66 0 15 1 0.0538713036695 glove 
66 0 16 1 0.0359420301051 glove 
66 0 17 1 0.0222113795123 glove 
66 0 18 1 0.0255163916637 glove 
66 0 19 1 0.0312667870889 glove 
66 0 20 1 0.0399675962585 glove 
66 0 21 1 0.0322423693569 glove 
66 0 22 1 0.0517624150312 glove 
66 0 23 1 0.0318761756 glove 
66 0 24 1 0.0213858283803 glove 
66 0 25 1 0.0590489236013 glove 
66 0 26 1 0.0263094587291 glove 
66 0 27 1 0.0354914422012 glove 
66 0 28 1 0.0199603348445 glove 
66 0 29 1 0.036372272814 glove 
66 0 30 1 0.0230437767327 glove 
66 0 31 1 0.0608429990628 glove 
66 0 32 1 0.0587538262137 glove 
66 0 33 1 0.0339461120141 glove 
66 0 34 1 0.0656492421953 glove 
67 0 0 1 0.225946838901 glove 
67 0 1 1 0.0471295993017 glove 
67 0 2 1 0.0707181092158 glove 
67 0 3 1 0.0306037507845 glove 
67 0 4 1 0.0524458356335 glove 
67 0 5 1 0.0778303257707 glove 
67 0 6 1 0.129808576675 glove 
67 0 7 1 0.0851536553407 glove 
67 0 8 1 0.0807100684227 glove 
67 0 9 1 0.0228658752693 glove 
67 0 10 1 0.0742258850629 glove 
67 0 11 1 0.04783663162 glove 
67 0 12 1 0.191347990855 glove 
67 0 13 1 0.070432613096 glove 
67 0 14 1 0.0685454899897 glove 
67 0 15 1 0.0337042046391 glove 
67 0 16 1 0.0728830193169 glove 
67 0 17 1 0.0507284237266 glove 
67 0 18 1 0.0540460130102 glove 
67 0 19 1 0.046251642508 glove 
67 0 20 1 0.0524970400833 glove 
67 0 21 1 0.157932315184 glove 
67 0 22 1 0.0830555755215 glove 
67 0 23 1 0.048731309179 glove 
68 0 0 1 0.147320289783 glove 
68 0 1 1 0.189491116874 glove 
68 0 2 1 0.0562154397215 glove 
68 0 3 1 0.0889200975506 glove 
68 0 4 1 0.177186757333 glove 
68 0 5 1 0.0850710025234 glove 
68 0 6 1 0.0679116407736 glove 
68 0 7 1 0.0927845594294 glove 
68 0 8 1 0.0828328452837 glove 
68 0 9 1 0.086572552278 glove 
68 0 10 1 0.0603800299056 glove 
68 0 11 1 0.120294510607 glove 
68 0 12 1 0.20651814097 glove 
68 0 13 1 0.0418095215644 glove 
68 0 14 1 0.0366978881154 glove 
68 0 15 1 0.0446536591713 glove 
68 0 16 1 0.170763945652 glove 
68 0 17 1 0.0423305449751 glove 
68 0 18 1 0.0303971366976 glove 
68 0 19 1 0.0811394739568 glove 
68 0 20 1 0.042303488672 glove 
68 0 21 1 0.0637466980612 glove 
68 0 22 1 0.0484162411615 glove 
68 0 23 1 0.0599234383043 glove 
68 0 24 1 0.126593743101 glove 
68 0 25 1 0.0403664452827 glove 
68 0 26 1 0.0354685637273 glove 
68 0 27 1 0.0268251228875 glove 
68 0 28 1 0.0535818475522 glove 
68 0 29 1 0.0640690648415 glove 
69 0 0 1 0.0665680755744 glove 
69 0 1 1 0.0234223321815 glove 
69 0 2 1 0.0380421629286 glove 
70 0 0 1 0.0238868846209 glove 
71 0 0 1 0.0799525356841 glove 
71 0 1 1 0.122583368892 glove 
71 0 2 1 0.106601176095 glove 
71 0 3 1 0.220403360218 glove 
71 0 4 1 0.0711807726034 glove 
72 0 0 1 0.0958250622473 glove 
72 0 1 1 0.115424982129 glove 
72 0 2 1 0.25130440487 glove 
72 0 3 1 0.0382533447449 glove 
72 0 4 1 0.294866145939 glove 
72 0 5 1 0.100020937048 glove 
72 0 6 1 0.0768508959615 glove 
72 0 7 1 0.327607578731 glove 
72 0 8 1 0.0590650801846 glove 
72 0 9 1 0.0399463726984 glove 
72 0 10 1 0.0293138823369 glove 
72 0 11 1 0.0457283158101 glove 
72 0 12 1 0.068977961745 glove 
72 0 13 1 0.023102172879 glove 
72 0 14 1 0.132418709686 glove 
72 0 15 1 0.0458066890885 glove 
72 0 16 1 0.0319627210782 glove 
72 0 17 1 0.0254342206063 glove 
72 0 18 1 0.0260836566952 glove 
72 0 19 1 0.172657322614 glove 
72 0 20 1 0.0547115776606 glove 
72 0 21 1 0.589162915347 glove 
72 0 22 1 0.151119126771 glove 
73 0 0 1 0.073655652014 glove 
73 0 1 1 0.0498220706472 glove 
73 0 2 1 0.0172968710087 glove 
73 0 3 1 0.0292056315802 glove 
73 0 4 1 0.0225785321853 glove 
73 0 5 1 0.180525071734 glove 
73 0 6 1 0.0494671974979 glove 
74 0 0 1 0.0541998660934 glove 
75 0 0 1 0.0353924889789 glove 
75 0 1 1 0.032663566036 glove 
75 0 2 1 0.0319055855251 glove 
75 0 3 1 0.0360549284705 glove 
75 0 4 1 0.0421447734607 glove 
75 0 5 1 0.0244314996425 glove 
75 0 6 1 0.0312299487859 glove 
75 0 7 1 0.0213924517411 glove 
75 0 8 1 0.0196735671656 glove 
75 0 9 1 0.0313520046277 glove 
75 0 10 1 0.0397000054087 glove 
75 0 11 1 0.0149656141033 glove 
75 0 12 1 0.0186708761335 glove 
75 0 13 1 0.0177057308472 glove 
75 0 14 1 0.0306786207949 glove 
75 0 15 1 0.0189535524912 glove 
75 0 16 1 0.0212760970249 glove 
75 0 17 1 0.0150421302739 glove 
75 0 18 1 0.0219303821221 glove 
75 0 19 1 0.0427580557733 glove 
75 0 20 1 0.108929919198 glove 
75 0 21 1 0.0192443493713 glove 
75 0 22 1 0.0152278587314 glove 
75 0 23 1 0.0508314758393 glove 
75 0 24 1 0.0242671850651 glove 
75 0 25 1 0.0229606309548 glove 
75 0 26 1 0.0231877718684 glove 
75 0 27 1 0.0216869145387 glove 
75 0 28 1 0.0146548541495 glove 
75 0 29 1 0.022773058971 glove 
75 0 30 1 0.0437550497921 glove 
75 0 31 1 0.0290003538651 glove 
75 0 32 1 0.0277745819151 glove 
75 0 33 1 0.0222132667575 glove 
75 0 34 1 0.015809665514 glove 
75 0 35 1 0.0204397728762 glove 
75 0 36 1 0.0193526413814 glove 
76 0 0 1 0.0425534115964 glove 
76 0 1 1 0.102853107687 glove 
76 0 2 1 0.0532184523934 glove 
76 0 3 1 0.0688781709343 glove 
76 0 4 1 0.197652920532 glove 
76 0 5 1 0.0254309663004 glove 
76 0 6 1 0.040317851768 glove 
76 0 7 1 0.0832923531355 glove 
76 0 8 1 0.0481651758138 glove 
76 0 9 1 0.17510723914 glove 
76 0 10 1 0.0533820675162 glove 
76 0 11 1 0.0370371465853 glove 
76 0 12 1 0.0382787882752 glove 
76 0 13 1 0.0665594661629 glove 
76 0 14 1 0.144674911506 glove 
76 0 15 1 0.0251673934284 glove 
76 0 16 1 0.0459707910828 glove 
76 0 17 1 0.038343173388 glove 
76 0 18 1 0.0385924270248 glove 
76 0 19 1 0.0492111965243 glove 
76 0 20 1 0.0883280098272 glove 
77 0 0 1 0.0551643767588 glove 
77 0 1 1 0.022170247802 glove 
78 0 0 1 0.0558167060933 glove 
79 0 0 1 0.0613920093678 glove 
79 0 1 1 0.0362071599703 glove 
79 0 2 1 0.0754343589628 glove 
79 0 3 1 0.124208200684 glove 
79 0 4 1 0.0346963720599 glove 
79 0 5 1 0.0278359252574 glove 
79 0 6 1 0.0374585555085 glove 
79 0 7 1 0.0155544454427 glove 
79 0 8 1 0.0252747510505 glove 
79 0 9 1 0.0425933969678 glove 
79 0 10 1 0.0606271149482 glove 
79 0 11 1 0.0200511380708 glove 
79 0 12 1 0.0277030882058 glove 
79 0 13 1 0.0336453231348 glove 
79 0 14 1 0.0448358685771 glove 
79 0 15 1 0.0254397390457 glove 
79 0 16 1 0.0249196800925 glove 
79 0 17 1 0.0190322406313 glove 
79 0 18 1 0.0360620983037 glove 
79 0 19 1 0.0412936187517 glove 
80 0 0 1 0.0457926711348 glove 
80 0 1 1 0.0728241234676 glove 
80 0 2 1 0.0498047434857 glove 
80 0 3 1 0.0777477576597 glove 
80 0 4 1 0.0382106302277 glove 
80 0 5 1 0.0767372664022 glove 
80 0 6 1 0.0249418768304 glove 
80 0 7 1 0.0311093261513 glove 
80 0 8 1 0.0281093529922 glove 
80 0 9 1 0.03008301391 glove 
80 0 10 1 0.0230666616713 glove 
80 0 11 1 0.0178751206691 glove 
80 0 12 1 0.0328541707484 glove 
80 0 13 1 0.0181524757458 glove 
80 0 14 1 0.0337736888884 glove 
80 0 15 1 0.0263127848647 glove 
80 0 16 1 0.0443354944582 glove 
80 0 17 1 0.0394301933432 glove 
80 0 18 1 0.0206743812367 glove 
80 0 19 1 0.0283024332971 glove 
80 0 20 1 0.0383257039596 glove 
80 0 21 1 0.0247072315516 glove 
80 0 22 1 0.0212272880388 glove 
80 0 23 1 0.0290069179958 glove 
80 0 24 1 0.0187858902634 glove 
80 0 25 1 0.0245835839529 glove 
80 0 26 1 0.0222374360524 glove 
80 0 27 1 0.031965675492 glove 
80 0 28 1 0.0214571454227 glove 
80 0 29 1 0.0598086869022 glove 
80 0 30 1 0.0220888605024 glove 
81 0 0 1 0.0383520441411 glove 
82 0 0 1 0.024434600541 glove 
82 0 1 1 0.0746186697544 glove 
82 0 2 1 0.0484693524122 glove 
82 0 3 1 0.0308820291898 glove 
83 0 0 1 0.0479043630695 glove 
83 0 1 1 0.0730079834711 glove 
83 0 2 1 0.047421131645 glove 
83 0 3 1 0.0560964010605 glove 
83 0 4 1 0.0543888497322 glove 
83 0 5 1 0.0472311432432 glove 
83 0 6 1 0.0587179216934 glove 
83 0 7 1 0.0540814148328 glove 
83 0 8 1 0.0570008383686 glove 
83 0 9 1 0.0401915590963 glove 
83 0 10 1 0.0422182107292 glove 
83 0 11 1 0.0329207706487 glove 
83 0 12 1 0.0553216885401 glove 
83 0 13 1 0.0809368736827 glove 
83 0 14 1 0.0535397988226 glove 
83 0 15 1 0.133270598147 glove 
83 0 16 1 0.0874430182209 glove 
83 0 17 1 0.0467004064006 glove 
83 0 18 1 0.0559919467425 glove 
83 0 19 1 0.0350607140465 glove 
83 0 20 1 0.034153370163 glove 
84 0 0 1 0.0208255171515 glove 
85 0 0 1 0.40629138676 glove 
85 0 1 1 0.0999435552484 glove 
85 0 2 1 0.0495543389346 glove 
85 0 3 1 0.0691617142255 glove 
85 0 4 1 0.0323776761859 glove 
85 0 5 1 0.0802004434108 glove 
85 0 6 1 0.0810968849762 glove 
85 0 7 1 0.0887774088229 glove 
85 0 8 1 0.023638162586 glove 
85 0 9 1 0.184367948206 glove 
85 0 10 1 0.0335788335643 glove 
85 0 11 1 0.266819190532 glove 
85 0 12 1 0.122885060802 glove 
85 0 13 1 0.330086204749 glove 
86 0 0 1 0.221369546586 glove 
86 0 1 1 0.554128290018 glove 
86 0 2 1 0.182894019089 glove 
86 0 3 1 0.561966477442 glove 
86 0 4 1 0.0680919449939 glove 
87 0 0 1 0.0326483389971 glove 
88 0 0 1 0.100168820178 glove 
88 0 1 1 0.0507876245769 glove 
88 0 2 1 0.0673298017612 glove 
88 0 3 1 0.0560629817242 glove 
88 0 4 1 0.0222091765808 glove 
88 0 5 1 0.0336236459235 glove 
88 0 6 1 0.037827111261 glove 
88 0 7 1 0.0359147837968 glove 
88 0 8 1 0.0243699927087 glove 
88 0 9 1 0.0531861794989 glove 
88 0 10 1 0.0215615837232 glove 
89 0 0 1 0.0213188173533 glove 
90 0 0 1 0.0516353926222 glove 
90 0 1 1 0.0428668427349 glove 
91 0 0 1 0.0509865886503 glove 
91 0 1 1 0.0298635524514 glove 
91 0 2 1 0.0450610593243 glove 
91 0 3 1 0.235818566614 glove 
91 0 4 1 0.1520911429 glove 
91 0 5 1 0.0493138055002 glove 
91 0 6 1 0.0787725090509 glove 
91 0 7 1 0.035873535261 glove 
91 0 8 1 0.057943635092 glove 
91 0 9 1 0.0425657504753 glove 
91 0 10 1 0.0563040270795 glove 
92 0 0 1 0.0543411075352 glove 
92 0 1 1 0.0749208508047 glove 
94 0 0 1 0.0309095254898 glove 
95 0 0 1 0.0638141582956 glove 
95 0 1 1 0.133243989532 glove 
95 0 2 1 0.0271493536553 glove 
95 0 3 1 0.0333741331268 glove 
95 0 4 1 0.036012926569 glove 
95 0 5 1 0.0512215710373 glove 
95 0 6 1 0.0312945558802 glove 
95 0 7 1 0.0405939132757 glove 
95 0 8 1 0.0642078603758 glove 
95 0 9 1 0.0176071685053 glove 
96 0 0 1 0.171960035953 glove 
96 0 1 1 0.132592276913 glove 
96 0 2 1 0.0933860570153 glove 
96 0 3 1 0.0657814831404 glove 
96 0 4 1 0.0587863548439 glove 
96 0 5 1 0.022777715791 glove 
96 0 6 1 0.0261440606701 glove 
96 0 7 1 0.0608387763967 glove 
96 0 8 1 0.0212627408643 glove 
96 0 9 1 0.0273500759091 glove 
96 0 10 1 0.0175203711174 glove 
97 0 0 1 0.213599124389 glove 
97 0 1 1 0.228936895871 glove 
97 0 2 1 0.280836218235 glove 
97 0 3 1 0.0900821072995 glove 
97 0 4 1 0.189473682591 glove 
97 0 5 1 0.0852747127417 glove 
97 0 6 1 0.0508189698196 glove 
97 0 7 1 0.187961173838 glove 
97 0 8 1 0.0616242692967 glove 
97 0 9 1 0.106638371616 glove 
97 0 10 1 0.0400500474538 glove 
97 0 11 1 0.0235838831044 glove 
97 0 12 1 0.0618551186215 glove 
97 0 13 1 0.136752930101 glove 
97 0 14 1 0.027233931324 glove 
97 0 15 1 0.0781178390182 glove 
97 0 16 1 0.0570831354958 glove 
97 0 17 1 0.0394465971884 glove 
97 0 18 1 0.0921804036509 glove 
97 0 19 1 0.0535759282772 glove 
97 0 20 1 0.0202940059736 glove 
97 0 21 1 0.0415526878076 glove 
97 0 22 1 0.0300890220853 glove 
97 0 23 1 0.0575951191655 glove 
97 0 24 1 0.0224760785271 glove 
97 0 25 1 0.0527942199814 glove 
97 0 26 1 0.320143450712 glove 
97 0 27 1 0.0842272092836 glove 
97 0 28 1 0.0173950511636 glove 
97 0 29 1 0.0336577816238 glove 
97 0 30 1 0.0317268757333 glove 
97 0 31 1 0.0543824319302 glove 
97 0 32 1 0.0461633912434 glove 
97 0 33 1 0.0914762407885 glove 
97 0 34 1 0.0609236673727 glove 
97 0 35 1 0.0438309470487 glove 
97 0 36 1 0.0928350075977 glove 
97 0 37 1 0.0915362290626 glove 
97 0 38 1 0.0414873843782 glove 
97 0 39 1 0.115959301186 glove 
97 0 40 1 0.0458391550337 glove 
97 0 41 1 0.0504249773532 glove 
97 0 42 1 0.0307133176652 glove 
97 0 43 1 0.0306920072089 glove 
97 0 44 1 0.105193465059 glove 
97 0 45 1 0.0741140090911 glove 
97 0 46 1 0.0337541810109 glove 
97 0 47 1 0.0614989973811 glove 
97 0 48 1 0.100665469363 glove 
97 0 49 1 0.0308300570261 glove 
97 0 50 1 0.0370782377577 glove 
97 0 51 1 0.0243656336702 glove 
97 0 52 1 0.0207053952808 glove 
97 0 53 1 0.0212451931652 glove 
97 0 54 1 0.020492179127 glove 
97 0 55 1 0.0197818479787 glove 
97 0 56 1 0.0938444290815 glove 
97 0 57 1 0.039019781905 glove 
97 0 58 1 0.052299453446 glove 
97 0 59 1 0.0725635843451 glove 
97 0 60 1 0.0334603317757 glove 
97 0 61 1 0.0469092229538 glove 
97 0 62 1 0.0320517417598 glove 
97 0 63 1 0.0263434590937 glove 
97 0 64 1 0.0238154450445 glove 
97 0 65 1 0.02962167899 glove 
97 0 66 1 0.0177180057076 glove 
97 0 67 1 0.0449741633251 glove 
97 0 68 1 0.126437153958 glove 
97 0 69 1 0.054117471045 glove 
97 0 70 1 0.0157031680606 glove 
97 0 71 1 0.0410293664926 glove 
97 0 72 1 0.025600405807 glove 
97 0 73 1 0.0890353766337 glove 
97 0 74 1 0.0546507841867 glove 
97 0 75 1 0.0220768445828 glove 
97 0 76 1 0.0386395853873 glove 
97 0 77 1 0.0926330543741 glove 
97 0 78 1 0.0896553918086 glove 
97 0 79 1 0.0526280219106 glove 
97 0 80 1 0.0766909692009 glove 
97 0 81 1 0.0489412632032 glove 
97 0 82 1 0.0291720057893 glove 
97 0 83 1 0.023727561725 glove 
97 0 84 1 0.0260209820171 glove 
97 0 85 1 0.0180307598001 glove 
98 0 0 1 0.197399715671 glove 
98 0 1 1 0.123211751363 glove 
98 0 2 1 0.0562703462797 glove 
98 0 3 1 0.1024999063 glove 
98 0 4 1 0.0888040336004 glove 
98 0 5 1 0.0894020581931 glove 
98 0 6 1 0.161838938243 glove 
98 0 7 1 0.0184668037349 glove 
98 0 8 1 0.0306800196788 glove 
98 0 9 1 0.166323782003 glove 
98 0 10 1 0.0145552801042 glove 
98 0 11 1 0.136402225812 glove 
98 0 12 1 0.0295562100238 glove 
98 0 13 1 0.0290587518471 glove 
98 0 14 1 0.0306832825389 glove 
98 0 15 1 0.0886733281997 glove 
98 0 16 1 0.0235123784808 glove 
98 0 17 1 0.0895200685926 glove 
98 0 18 1 0.0159532550272 glove 
98 0 19 1 0.0377402757923 glove 
98 0 20 1 0.06025535387 glove 
98 0 21 1 0.0358453010094 glove 
98 0 22 1 0.0354770071956 glove 
98 0 23 1 0.0326503354147 glove 
99 0 0 1 0.176790054153 glove 
99 0 1 1 0.0875295699275 glove 
99 0 2 1 0.0851481123547 glove 
99 0 3 1 0.043493778262 glove 
99 0 4 1 0.545476009002 glove 
99 0 5 1 0.0497898890541 glove 
99 0 6 1 0.0309242666781 glove 
99 0 7 1 0.0226345172337 glove 
99 0 8 1 0.0177611314467 glove 
99 0 9 1 0.0278674721119 glove 
99 0 10 1 0.0224047826138 glove 
99 0 11 1 0.0374289627356 glove 
99 0 12 1 0.025660256978 glove 
99 0 13 1 0.0360625376496 glove 
