0 0 0 1 
0 0 1 1 
0 0 2 1 
0 0 3 1 
0 0 4 0 
0 0 5 0 
0 0 6 0 
0 0 7 0 
0 0 8 0 
0 0 9 0 
0 0 10 0 
0 0 11 0 
0 0 12 0 
0 0 13 0 
0 0 14 0 
1 0 0 0 
1 0 1 0 
2 0 0 1 
2 0 1 1 
2 0 2 1 
2 0 3 1 
2 0 4 0 
2 0 5 0 
2 0 6 0 
2 0 7 0 
3 0 0 1 
3 0 1 1 
4 0 0 1 
4 0 1 1 
4 0 2 1 
4 0 3 1 
4 0 4 0 
4 0 5 0 
4 0 6 0 
4 0 7 0 
4 0 8 0 
4 0 9 0 
4 0 10 0 
4 0 11 0 
4 0 12 0 
4 0 13 0 
4 0 14 0 
4 0 15 0 
4 0 16 0 
4 0 17 0 
4 0 18 0 
4 0 19 0 
4 0 20 0 
4 0 21 0 
4 0 22 0 
4 0 23 0 
4 0 24 0 
4 0 25 0 
4 0 26 0 
4 0 27 0 
4 0 28 0 
4 0 29 0 
4 0 30 0 
4 0 31 0 
4 0 32 0 
4 0 33 0 
4 0 34 0 
4 0 35 0 
4 0 36 0 
4 0 37 0 
4 0 38 0 
4 0 39 0 
4 0 40 0 
4 0 41 0 
4 0 42 0 
4 0 43 0 
5 0 0 1 
6 0 0 1 
6 0 1 1 
6 0 2 1 
6 0 3 1 
6 0 4 1 
7 0 0 1 
7 0 1 1 
7 0 2 1 
7 0 3 1 
7 0 4 1 
7 0 5 1 
7 0 6 1 
7 0 7 1 
7 0 8 1 
7 0 9 0 
7 0 10 0 
7 0 11 0 
7 0 12 0 
7 0 13 0 
7 0 14 0 
7 0 15 0 
7 0 16 0 
7 0 17 0 
7 0 18 0 
7 0 19 0 
7 0 20 0 
7 0 21 0 
7 0 22 0 
7 0 23 0 
7 0 24 0 
7 0 25 0 
7 0 26 0 
7 0 27 0 
7 0 28 0 
7 0 29 0 
7 0 30 0 
7 0 31 0 
7 0 32 0 
7 0 33 0 
7 0 34 0 
7 0 35 0 
7 0 36 0 
7 0 37 0 
7 0 38 0 
7 0 39 0 
7 0 40 0 
7 0 41 0 
7 0 42 0 
7 0 43 0 
7 0 44 0 
7 0 45 0 
7 0 46 0 
7 0 47 0 
7 0 48 0 
7 0 49 0 
7 0 50 0 
7 0 51 0 
7 0 52 0 
7 0 53 0 
7 0 54 0 
7 0 55 0 
7 0 56 0 
7 0 57 0 
7 0 58 0 
7 0 59 0 
7 0 60 0 
7 0 61 0 
7 0 62 0 
7 0 63 0 
7 0 64 0 
7 0 65 0 
7 0 66 0 
7 0 67 0 
7 0 68 0 
7 0 69 0 
7 0 70 0 
7 0 71 0 
7 0 72 0 
7 0 73 0 
7 0 74 0 
7 0 75 0 
7 0 76 0 
7 0 77 0 
7 0 78 0 
7 0 79 0 
7 0 80 0 
7 0 81 0 
7 0 82 0 
7 0 83 0 
7 0 84 0 
7 0 85 0 
7 0 86 0 
7 0 87 0 
7 0 88 0 
7 0 89 0 
7 0 90 0 
7 0 91 0 
7 0 92 0 
7 0 93 0 
7 0 94 0 
7 0 95 0 
7 0 96 0 
7 0 97 0 
7 0 98 0 
7 0 99 0 
7 0 100 0 
7 0 101 0 
7 0 102 0 
7 0 103 0 
7 0 104 0 
7 0 105 0 
7 0 106 0 
7 0 107 0 
7 0 108 0 
7 0 109 0 
8 0 0 1 
8 0 1 1 
8 0 2 1 
8 0 3 1 
8 0 4 1 
8 0 5 0 
8 0 6 0 
8 0 7 0 
8 0 8 0 
8 0 9 0 
8 0 10 0 
8 0 11 0 
8 0 12 0 
8 0 13 0 
8 0 14 0 
8 0 15 0 
8 0 16 0 
8 0 17 0 
8 0 18 0 
8 0 19 0 
8 0 20 0 
8 0 21 0 
8 0 22 0 
8 0 23 0 
8 0 24 0 
8 0 25 0 
8 0 26 0 
8 0 27 0 
8 0 28 0 
8 0 29 0 
8 0 30 0 
8 0 31 0 
8 0 32 0 
8 0 33 0 
8 0 34 0 
8 0 35 0 
8 0 36 0 
8 0 37 0 
8 0 38 0 
8 0 39 0 
9 0 0 1 
9 0 1 0 
9 0 2 0 
9 0 3 0 
9 0 4 0 
9 0 5 0 
9 0 6 0 
9 0 7 0 
9 0 8 0 
10 0 0 1 
10 0 1 1 
10 0 2 1 
10 0 3 1 
10 0 4 1 
10 0 5 0 
10 0 6 0 
10 0 7 0 
10 0 8 0 
10 0 9 0 
10 0 10 0 
10 0 11 0 
10 0 12 0 
10 0 13 0 
10 0 14 0 
10 0 15 0 
10 0 16 0 
10 0 17 0 
10 0 18 0 
10 0 19 0 
10 0 20 0 
10 0 21 0 
10 0 22 0 
10 0 23 0 
10 0 24 0 
10 0 25 0 
10 0 26 0 
10 0 27 0 
10 0 28 0 
10 0 29 0 
10 0 30 0 
10 0 31 0 
10 0 32 0 
10 0 33 0 
10 0 34 0 
10 0 35 0 
10 0 36 0 
10 0 37 0 
10 0 38 0 
10 0 39 0 
10 0 40 0 
10 0 41 0 
10 0 42 0 
11 0 0 1 
11 0 1 1 
11 0 2 0 
11 0 3 0 
11 0 4 0 
11 0 5 0 
11 0 6 0 
11 0 7 0 
11 0 8 0 
11 0 9 0 
11 0 10 0 
11 0 11 0 
11 0 12 0 
11 0 13 0 
11 0 14 0 
11 0 15 0 
11 0 16 0 
11 0 17 0 
11 0 18 0 
12 0 0 1 
12 0 1 1 
12 0 2 1 
12 0 3 1 
12 0 4 1 
12 0 5 1 
12 0 6 1 
12 0 7 1 
12 0 8 1 
12 0 9 1 
12 0 10 1 
12 0 11 1 
12 0 12 1 
12 0 13 1 
12 0 14 1 
12 0 15 1 
12 0 16 1 
12 0 17 1 
12 0 18 1 
12 0 19 1 
12 0 20 1 
12 0 21 1 
12 0 22 1 
12 0 23 1 
12 0 24 1 
12 0 25 0 
12 0 26 0 
12 0 27 0 
12 0 28 0 
12 0 29 0 
12 0 30 0 
12 0 31 0 
12 0 32 0 
12 0 33 0 
12 0 34 0 
12 0 35 0 
12 0 36 0 
12 0 37 0 
12 0 38 0 
12 0 39 0 
12 0 40 0 
12 0 41 0 
12 0 42 0 
12 0 43 0 
12 0 44 0 
12 0 45 0 
12 0 46 0 
12 0 47 0 
12 0 48 0 
12 0 49 0 
12 0 50 0 
12 0 51 0 
12 0 52 0 
12 0 53 0 
12 0 54 0 
12 0 55 0 
12 0 56 0 
12 0 57 0 
12 0 58 0 
12 0 59 0 
12 0 60 0 
12 0 61 0 
12 0 62 0 
12 0 63 0 
12 0 64 0 
12 0 65 0 
12 0 66 0 
12 0 67 0 
12 0 68 0 
12 0 69 0 
12 0 70 0 
12 0 71 0 
12 0 72 0 
12 0 73 0 
13 0 0 1 
13 0 1 1 
13 0 2 1 
13 0 3 1 
13 0 4 1 
13 0 5 1 
13 0 6 1 
13 0 7 1 
13 0 8 1 
13 0 9 1 
13 0 10 1 
13 0 11 1 
13 0 12 1 
13 0 13 0 
13 0 14 0 
13 0 15 0 
13 0 16 0 
13 0 17 0 
13 0 18 0 
13 0 19 0 
13 0 20 0 
13 0 21 0 
13 0 22 0 
13 0 23 0 
13 0 24 0 
13 0 25 0 
13 0 26 0 
13 0 27 0 
13 0 28 0 
13 0 29 0 
13 0 30 0 
13 0 31 0 
13 0 32 0 
13 0 33 0 
13 0 34 0 
13 0 35 0 
13 0 36 0 
13 0 37 0 
13 0 38 0 
13 0 39 0 
13 0 40 0 
13 0 41 0 
13 0 42 0 
13 0 43 0 
13 0 44 0 
13 0 45 0 
13 0 46 0 
13 0 47 0 
13 0 48 0 
13 0 49 0 
13 0 50 0 
13 0 51 0 
13 0 52 0 
13 0 53 0 
13 0 54 0 
13 0 55 0 
13 0 56 0 
13 0 57 0 
13 0 58 0 
13 0 59 0 
13 0 60 0 
13 0 61 0 
13 0 62 0 
13 0 63 0 
13 0 64 0 
13 0 65 0 
13 0 66 0 
13 0 67 0 
13 0 68 0 
13 0 69 0 
13 0 70 0 
13 0 71 0 
13 0 72 0 
13 0 73 0 
13 0 74 0 
13 0 75 0 
13 0 76 0 
13 0 77 0 
13 0 78 0 
13 0 79 0 
13 0 80 0 
13 0 81 0 
13 0 82 0 
13 0 83 0 
13 0 84 0 
13 0 85 0 
13 0 86 0 
13 0 87 0 
13 0 88 0 
13 0 89 0 
13 0 90 0 
13 0 91 0 
13 0 92 0 
13 0 93 0 
13 0 94 0 
13 0 95 0 
13 0 96 0 
13 0 97 0 
13 0 98 0 
13 0 99 0 
13 0 100 0 
13 0 101 0 
13 0 102 0 
13 0 103 0 
13 0 104 0 
13 0 105 0 
13 0 106 0 
13 0 107 0 
13 0 108 0 
13 0 109 0 
13 0 110 0 
13 0 111 0 
13 0 112 0 
13 0 113 0 
13 0 114 0 
13 0 115 0 
13 0 116 0 
13 0 117 0 
13 0 118 0 
13 0 119 0 
13 0 120 0 
13 0 121 0 
13 0 122 0 
13 0 123 0 
13 0 124 0 
13 0 125 0 
13 0 126 0 
13 0 127 0 
13 0 128 0 
13 0 129 0 
14 0 0 1 
15 0 0 1 
15 0 1 1 
15 0 2 1 
15 0 3 1 
15 0 4 0 
15 0 5 0 
15 0 6 0 
15 0 7 0 
15 0 8 0 
15 0 9 0 
15 0 10 0 
15 0 11 0 
15 0 12 0 
15 0 13 0 
15 0 14 0 
15 0 15 0 
15 0 16 0 
15 0 17 0 
15 0 18 0 
15 0 19 0 
15 0 20 0 
15 0 21 0 
15 0 22 0 
15 0 23 0 
15 0 24 0 
15 0 25 0 
15 0 26 0 
15 0 27 0 
15 0 28 0 
15 0 29 0 
15 0 30 0 
15 0 31 0 
15 0 32 0 
15 0 33 0 
15 0 34 0 
15 0 35 0 
15 0 36 0 
15 0 37 0 
15 0 38 0 
15 0 39 0 
15 0 40 0 
15 0 41 0 
15 0 42 0 
15 0 43 0 
15 0 44 0 
16 0 0 1 
16 0 1 0 
16 0 2 0 
16 0 3 0 
16 0 4 0 
16 0 5 0 
16 0 6 0 
16 0 7 0 
16 0 8 0 
16 0 9 0 
17 0 0 1 
17 0 1 0 
17 0 2 0 
17 0 3 0 
17 0 4 0 
17 0 5 0 
17 0 6 0 
18 0 0 1 
18 0 1 1 
18 0 2 1 
18 0 3 1 
18 0 4 1 
18 0 5 1 
18 0 6 1 
18 0 7 0 
18 0 8 0 
18 0 9 0 
18 0 10 0 
18 0 11 0 
18 0 12 0 
18 0 13 0 
18 0 14 0 
18 0 15 0 
18 0 16 0 
18 0 17 0 
19 0 0 1 
19 0 1 1 
19 0 2 0 
19 0 3 0 
19 0 4 0 
19 0 5 0 
19 0 6 0 
19 0 7 0 
19 0 8 0 
19 0 9 0 
19 0 10 0 
20 0 0 1 
20 0 1 1 
20 0 2 1 
20 0 3 1 
20 0 4 1 
20 0 5 0 
20 0 6 0 
20 0 7 0 
20 0 8 0 
20 0 9 0 
21 0 0 1 
21 0 1 0 
21 0 2 0 
21 0 3 0 
21 0 4 0 
21 0 5 0 
21 0 6 0 
21 0 7 0 
22 0 0 1 
22 0 1 1 
22 0 2 1 
22 0 3 1 
23 0 0 1 
23 0 1 1 
23 0 2 1 
23 0 3 1 
23 0 4 1 
23 0 5 1 
23 0 6 1 
23 0 7 0 
23 0 8 0 
23 0 9 0 
23 0 10 0 
23 0 11 0 
23 0 12 0 
23 0 13 0 
23 0 14 0 
23 0 15 0 
23 0 16 0 
23 0 17 0 
23 0 18 0 
23 0 19 0 
23 0 20 0 
23 0 21 0 
23 0 22 0 
23 0 23 0 
23 0 24 0 
23 0 25 0 
23 0 26 0 
23 0 27 0 
23 0 28 0 
23 0 29 0 
23 0 30 0 
23 0 31 0 
23 0 32 0 
23 0 33 0 
23 0 34 0 
23 0 35 0 
23 0 36 0 
23 0 37 0 
23 0 38 0 
23 0 39 0 
23 0 40 0 
23 0 41 0 
23 0 42 0 
23 0 43 0 
24 0 0 1 
24 0 1 1 
24 0 2 1 
24 0 3 1 
24 0 4 1 
24 0 5 0 
24 0 6 0 
24 0 7 0 
24 0 8 0 
24 0 9 0 
25 0 0 1 
25 0 1 1 
25 0 2 1 
25 0 3 0 
25 0 4 0 
25 0 5 0 
25 0 6 0 
25 0 7 0 
25 0 8 0 
25 0 9 0 
25 0 10 0 
25 0 11 0 
25 0 12 0 
25 0 13 0 
25 0 14 0 
25 0 15 0 
25 0 16 0 
25 0 17 0 
25 0 18 0 
25 0 19 0 
25 0 20 0 
25 0 21 0 
25 0 22 0 
25 0 23 0 
25 0 24 0 
25 0 25 0 
25 0 26 0 
25 0 27 0 
25 0 28 0 
25 0 29 0 
25 0 30 0 
25 0 31 0 
25 0 32 0 
25 0 33 0 
25 0 34 0 
25 0 35 0 
25 0 36 0 
25 0 37 0 
25 0 38 0 
25 0 39 0 
25 0 40 0 
25 0 41 0 
25 0 42 0 
25 0 43 0 
25 0 44 0 
26 0 0 1 
26 0 1 1 
26 0 2 1 
26 0 3 1 
26 0 4 0 
26 0 5 0 
26 0 6 0 
26 0 7 0 
26 0 8 0 
26 0 9 0 
26 0 10 0 
26 0 11 0 
26 0 12 0 
26 0 13 0 
26 0 14 0 
26 0 15 0 
26 0 16 0 
26 0 17 0 
26 0 18 0 
26 0 19 0 
26 0 20 0 
26 0 21 0 
26 0 22 0 
26 0 23 0 
26 0 24 0 
26 0 25 0 
26 0 26 0 
26 0 27 0 
26 0 28 0 
26 0 29 0 
26 0 30 0 
26 0 31 0 
26 0 32 0 
26 0 33 0 
26 0 34 0 
26 0 35 0 
26 0 36 0 
26 0 37 0 
26 0 38 0 
26 0 39 0 
26 0 40 0 
26 0 41 0 
26 0 42 0 
26 0 43 0 
26 0 44 0 
26 0 45 0 
26 0 46 0 
26 0 47 0 
26 0 48 0 
26 0 49 0 
26 0 50 0 
26 0 51 0 
26 0 52 0 
26 0 53 0 
26 0 54 0 
26 0 55 0 
26 0 56 0 
26 0 57 0 
26 0 58 0 
26 0 59 0 
26 0 60 0 
26 0 61 0 
26 0 62 0 
26 0 63 0 
26 0 64 0 
26 0 65 0 
26 0 66 0 
26 0 67 0 
26 0 68 0 
26 0 69 0 
26 0 70 0 
26 0 71 0 
27 0 0 1 
28 0 0 1 
28 0 1 1 
28 0 2 0 
28 0 3 0 
28 0 4 0 
28 0 5 0 
29 0 0 1 
29 0 1 1 
29 0 2 0 
29 0 3 0 
29 0 4 0 
30 0 0 1 
30 0 1 1 
30 0 2 1 
30 0 3 1 
30 0 4 1 
31 0 0 1 
31 0 1 1 
31 0 2 1 
31 0 3 1 
31 0 4 1 
31 0 5 1 
31 0 6 1 
31 0 7 0 
31 0 8 0 
31 0 9 0 
31 0 10 0 
31 0 11 0 
31 0 12 0 
31 0 13 0 
31 0 14 0 
31 0 15 0 
31 0 16 0 
31 0 17 0 
31 0 18 0 
31 0 19 0 
31 0 20 0 
31 0 21 0 
31 0 22 0 
32 0 0 1 
32 0 1 1 
32 0 2 1 
32 0 3 1 
32 0 4 1 
32 0 5 1 
32 0 6 1 
32 0 7 1 
32 0 8 0 
32 0 9 0 
32 0 10 0 
32 0 11 0 
32 0 12 0 
32 0 13 0 
32 0 14 0 
32 0 15 0 
32 0 16 0 
32 0 17 0 
32 0 18 0 
32 0 19 0 
32 0 20 0 
32 0 21 0 
32 0 22 0 
32 0 23 0 
32 0 24 0 
32 0 25 0 
32 0 26 0 
32 0 27 0 
33 0 0 1 
33 0 1 1 
33 0 2 1 
33 0 3 0 
33 0 4 0 
33 0 5 0 
33 0 6 0 
33 0 7 0 
33 0 8 0 
33 0 9 0 
33 0 10 0 
33 0 11 0 
33 0 12 0 
33 0 13 0 
33 0 14 0 
33 0 15 0 
33 0 16 0 
33 0 17 0 
33 0 18 0 
33 0 19 0 
33 0 20 0 
33 0 21 0 
33 0 22 0 
34 0 0 1 
34 0 1 1 
34 0 2 1 
34 0 3 1 
34 0 4 1 
34 0 5 1 
34 0 6 0 
34 0 7 0 
34 0 8 0 
34 0 9 0 
34 0 10 0 
34 0 11 0 
34 0 12 0 
34 0 13 0 
34 0 14 0 
34 0 15 0 
34 0 16 0 
34 0 17 0 
34 0 18 0 
34 0 19 0 
34 0 20 0 
34 0 21 0 
34 0 22 0 
34 0 23 0 
34 0 24 0 
34 0 25 0 
34 0 26 0 
34 0 27 0 
34 0 28 0 
34 0 29 0 
34 0 30 0 
34 0 31 0 
34 0 32 0 
34 0 33 0 
34 0 34 0 
34 0 35 0 
34 0 36 0 
34 0 37 0 
34 0 38 0 
34 0 39 0 
34 0 40 0 
34 0 41 0 
34 0 42 0 
34 0 43 0 
34 0 44 0 
34 0 45 0 
35 0 0 1 
35 0 1 1 
35 0 2 0 
35 0 3 0 
35 0 4 0 
35 0 5 0 
35 0 6 0 
35 0 7 0 
35 0 8 0 
35 0 9 0 
35 0 10 0 
35 0 11 0 
35 0 12 0 
35 0 13 0 
35 0 14 0 
35 0 15 0 
35 0 16 0 
35 0 17 0 
35 0 18 0 
35 0 19 0 
35 0 20 0 
35 0 21 0 
35 0 22 0 
37 0 0 1 
38 0 0 1 
38 0 1 1 
38 0 2 0 
38 0 3 0 
38 0 4 0 
38 0 5 0 
38 0 6 0 
38 0 7 0 
38 0 8 0 
38 0 9 0 
38 0 10 0 
38 0 11 0 
38 0 12 0 
38 0 13 0 
38 0 14 0 
38 0 15 0 
38 0 16 0 
38 0 17 0 
38 0 18 0 
38 0 19 0 
38 0 20 0 
38 0 21 0 
38 0 22 0 
38 0 23 0 
39 0 0 1 
39 0 1 1 
39 0 2 1 
39 0 3 0 
39 0 4 0 
39 0 5 0 
39 0 6 0 
39 0 7 0 
39 0 8 0 
39 0 9 0 
39 0 10 0 
39 0 11 0 
39 0 12 0 
39 0 13 0 
39 0 14 0 
40 0 0 1 
41 0 0 1 
41 0 1 0 
41 0 2 0 
42 0 0 1 
42 0 1 1 
42 0 2 1 
42 0 3 1 
42 0 4 1 
42 0 5 1 
42 0 6 1 
42 0 7 1 
42 0 8 1 
42 0 9 0 
42 0 10 0 
42 0 11 0 
42 0 12 0 
42 0 13 0 
42 0 14 0 
42 0 15 0 
42 0 16 0 
42 0 17 0 
42 0 18 0 
42 0 19 0 
42 0 20 0 
42 0 21 0 
43 0 0 1 
43 0 1 1 
43 0 2 1 
43 0 3 1 
43 0 4 1 
43 0 5 1 
43 0 6 1 
43 0 7 0 
43 0 8 0 
43 0 9 0 
43 0 10 0 
43 0 11 0 
43 0 12 0 
43 0 13 0 
43 0 14 0 
43 0 15 0 
44 0 0 1 
44 0 1 1 
44 0 2 0 
44 0 3 0 
44 0 4 0 
44 0 5 0 
45 0 0 1 
45 0 1 0 
45 0 2 0 
45 0 3 0 
45 0 4 0 
46 0 0 1 
47 0 0 1 
47 0 1 1 
47 0 2 1 
47 0 3 1 
47 0 4 1 
47 0 5 1 
47 0 6 1 
47 0 7 1 
47 0 8 1 
47 0 9 1 
47 0 10 1 
47 0 11 0 
47 0 12 0 
47 0 13 0 
47 0 14 0 
47 0 15 0 
47 0 16 0 
47 0 17 0 
47 0 18 0 
47 0 19 0 
47 0 20 0 
47 0 21 0 
47 0 22 0 
47 0 23 0 
47 0 24 0 
47 0 25 0 
47 0 26 0 
47 0 27 0 
47 0 28 0 
47 0 29 0 
47 0 30 0 
47 0 31 0 
47 0 32 0 
47 0 33 0 
47 0 34 0 
47 0 35 0 
47 0 36 0 
48 0 0 1 
48 0 1 1 
48 0 2 0 
48 0 3 0 
48 0 4 0 
48 0 5 0 
48 0 6 0 
49 0 0 1 
49 0 1 1 
49 0 2 1 
49 0 3 0 
49 0 4 0 
49 0 5 0 
49 0 6 0 
49 0 7 0 
49 0 8 0 
49 0 9 0 
49 0 10 0 
49 0 11 0 
50 0 0 1 
50 0 1 1 
50 0 2 1 
50 0 3 0 
50 0 4 0 
50 0 5 0 
50 0 6 0 
50 0 7 0 
50 0 8 0 
50 0 9 0 
50 0 10 0 
50 0 11 0 
50 0 12 0 
50 0 13 0 
50 0 14 0 
50 0 15 0 
50 0 16 0 
50 0 17 0 
50 0 18 0 
50 0 19 0 
50 0 20 0 
50 0 21 0 
50 0 22 0 
50 0 23 0 
50 0 24 0 
50 0 25 0 
50 0 26 0 
50 0 27 0 
50 0 28 0 
50 0 29 0 
50 0 30 0 
50 0 31 0 
50 0 32 0 
50 0 33 0 
50 0 34 0 
50 0 35 0 
50 0 36 0 
50 0 37 0 
50 0 38 0 
50 0 39 0 
50 0 40 0 
50 0 41 0 
50 0 42 0 
50 0 43 0 
50 0 44 0 
50 0 45 0 
50 0 46 0 
51 0 0 1 
51 0 1 1 
51 0 2 1 
51 0 3 0 
51 0 4 0 
51 0 5 0 
51 0 6 0 
51 0 7 0 
52 0 0 1 
52 0 1 1 
53 0 0 1 
53 0 1 1 
53 0 2 1 
53 0 3 0 
53 0 4 0 
53 0 5 0 
53 0 6 0 
53 0 7 0 
53 0 8 0 
53 0 9 0 
53 0 10 0 
53 0 11 0 
54 0 0 1 
54 0 1 1 
54 0 2 1 
54 0 3 1 
54 0 4 1 
54 0 5 1 
54 0 6 1 
54 0 7 0 
54 0 8 0 
54 0 9 0 
54 0 10 0 
54 0 11 0 
54 0 12 0 
54 0 13 0 
54 0 14 0 
55 0 0 1 
55 0 1 1 
55 0 2 1 
55 0 3 1 
55 0 4 1 
55 0 5 1 
55 0 6 0 
55 0 7 0 
55 0 8 0 
55 0 9 0 
56 0 0 1 
57 0 0 1 
57 0 1 1 
57 0 2 1 
57 0 3 1 
57 0 4 0 
58 0 0 1 
58 0 1 1 
58 0 2 1 
59 0 0 1 
59 0 1 1 
59 0 2 1 
59 0 3 1 
59 0 4 1 
59 0 5 0 
59 0 6 0 
59 0 7 0 
59 0 8 0 
59 0 9 0 
59 0 10 0 
59 0 11 0 
59 0 12 0 
59 0 13 0 
59 0 14 0 
59 0 15 0 
59 0 16 0 
59 0 17 0 
59 0 18 0 
59 0 19 0 
59 0 20 0 
59 0 21 0 
59 0 22 0 
59 0 23 0 
59 0 24 0 
59 0 25 0 
59 0 26 0 
60 0 0 1 
60 0 1 0 
60 0 2 0 
60 0 3 0 
60 0 4 0 
60 0 5 0 
60 0 6 0 
60 0 7 0 
60 0 8 0 
61 0 0 1 
61 0 1 1 
61 0 2 1 
61 0 3 1 
61 0 4 1 
61 0 5 0 
61 0 6 0 
61 0 7 0 
61 0 8 0 
61 0 9 0 
61 0 10 0 
62 0 0 1 
62 0 1 0 
62 0 2 0 
62 0 3 0 
62 0 4 0 
62 0 5 0 
62 0 6 0 
62 0 7 0 
62 0 8 0 
62 0 9 0 
62 0 10 0 
62 0 11 0 
62 0 12 0 
62 0 13 0 
62 0 14 0 
62 0 15 0 
62 0 16 0 
63 0 0 1 
63 0 1 1 
63 0 2 1 
63 0 3 1 
63 0 4 1 
63 0 5 0 
63 0 6 0 
63 0 7 0 
63 0 8 0 
63 0 9 0 
63 0 10 0 
63 0 11 0 
63 0 12 0 
63 0 13 0 
63 0 14 0 
63 0 15 0 
63 0 16 0 
63 0 17 0 
63 0 18 0 
63 0 19 0 
63 0 20 0 
63 0 21 0 
63 0 22 0 
63 0 23 0 
63 0 24 0 
63 0 25 0 
63 0 26 0 
63 0 27 0 
63 0 28 0 
63 0 29 0 
63 0 30 0 
63 0 31 0 
63 0 32 0 
63 0 33 0 
63 0 34 0 
63 0 35 0 
63 0 36 0 
63 0 37 0 
63 0 38 0 
63 0 39 0 
63 0 40 0 
63 0 41 0 
63 0 42 0 
63 0 43 0 
63 0 44 0 
63 0 45 0 
63 0 46 0 
63 0 47 0 
63 0 48 0 
63 0 49 0 
63 0 50 0 
63 0 51 0 
63 0 52 0 
63 0 53 0 
63 0 54 0 
63 0 55 0 
63 0 56 0 
63 0 57 0 
63 0 58 0 
63 0 59 0 
63 0 60 0 
63 0 61 0 
63 0 62 0 
63 0 63 0 
63 0 64 0 
63 0 65 0 
63 0 66 0 
63 0 67 0 
63 0 68 0 
63 0 69 0 
63 0 70 0 
63 0 71 0 
63 0 72 0 
63 0 73 0 
63 0 74 0 
63 0 75 0 
63 0 76 0 
63 0 77 0 
63 0 78 0 
63 0 79 0 
63 0 80 0 
63 0 81 0 
63 0 82 0 
63 0 83 0 
63 0 84 0 
63 0 85 0 
63 0 86 0 
63 0 87 0 
63 0 88 0 
63 0 89 0 
63 0 90 0 
63 0 91 0 
63 0 92 0 
63 0 93 0 
63 0 94 0 
63 0 95 0 
63 0 96 0 
63 0 97 0 
63 0 98 0 
63 0 99 0 
63 0 100 0 
63 0 101 0 
63 0 102 0 
63 0 103 0 
63 0 104 0 
63 0 105 0 
63 0 106 0 
63 0 107 0 
63 0 108 0 
63 0 109 0 
63 0 110 0 
64 0 0 1 
64 0 1 1 
64 0 2 1 
64 0 3 0 
64 0 4 0 
64 0 5 0 
64 0 6 0 
64 0 7 0 
64 0 8 0 
64 0 9 0 
64 0 10 0 
64 0 11 0 
64 0 12 0 
64 0 13 0 
64 0 14 0 
64 0 15 0 
64 0 16 0 
64 0 17 0 
64 0 18 0 
64 0 19 0 
64 0 20 0 
64 0 21 0 
64 0 22 0 
64 0 23 0 
64 0 24 0 
64 0 25 0 
64 0 26 0 
65 0 0 1 
65 0 1 1 
65 0 2 0 
66 0 0 1 
66 0 1 1 
66 0 2 0 
66 0 3 0 
66 0 4 0 
66 0 5 0 
66 0 6 0 
66 0 7 0 
66 0 8 0 
66 0 9 0 
66 0 10 0 
66 0 11 0 
66 0 12 0 
66 0 13 0 
66 0 14 0 
66 0 15 0 
66 0 16 0 
66 0 17 0 
66 0 18 0 
66 0 19 0 
66 0 20 0 
66 0 21 0 
66 0 22 0 
66 0 23 0 
66 0 24 0 
66 0 25 0 
66 0 26 0 
66 0 27 0 
66 0 28 0 
66 0 29 0 
66 0 30 0 
66 0 31 0 
66 0 32 0 
66 0 33 0 
66 0 34 0 
67 0 0 1 
67 0 1 0 
67 0 2 0 
67 0 3 0 
67 0 4 0 
67 0 5 0 
67 0 6 0 
67 0 7 0 
67 0 8 0 
67 0 9 0 
67 0 10 0 
67 0 11 0 
67 0 12 0 
67 0 13 0 
67 0 14 0 
67 0 15 0 
67 0 16 0 
67 0 17 0 
67 0 18 0 
67 0 19 0 
67 0 20 0 
67 0 21 0 
67 0 22 0 
67 0 23 0 
68 0 0 1 
68 0 1 1 
68 0 2 0 
68 0 3 0 
68 0 4 0 
68 0 5 0 
68 0 6 0 
68 0 7 0 
68 0 8 0 
68 0 9 0 
68 0 10 0 
68 0 11 0 
68 0 12 0 
68 0 13 0 
68 0 14 0 
68 0 15 0 
68 0 16 0 
68 0 17 0 
68 0 18 0 
68 0 19 0 
68 0 20 0 
68 0 21 0 
68 0 22 0 
68 0 23 0 
68 0 24 0 
68 0 25 0 
68 0 26 0 
68 0 27 0 
68 0 28 0 
68 0 29 0 
69 0 0 1 
69 0 1 0 
69 0 2 0 
70 0 0 1 
71 0 0 1 
71 0 1 1 
71 0 2 1 
71 0 3 1 
71 0 4 0 
72 0 0 1 
72 0 1 1 
72 0 2 1 
72 0 3 1 
72 0 4 1 
72 0 5 1 
72 0 6 0 
72 0 7 0 
72 0 8 0 
72 0 9 0 
72 0 10 0 
72 0 11 0 
72 0 12 0 
72 0 13 0 
72 0 14 0 
72 0 15 0 
72 0 16 0 
72 0 17 0 
72 0 18 0 
72 0 19 0 
72 0 20 0 
72 0 21 0 
72 0 22 0 
73 0 0 1 
73 0 1 0 
73 0 2 0 
73 0 3 0 
73 0 4 0 
73 0 5 0 
73 0 6 0 
74 0 0 1 
75 0 0 1 
75 0 1 1 
75 0 2 1 
75 0 3 1 
75 0 4 1 
75 0 5 1 
75 0 6 1 
75 0 7 1 
75 0 8 1 
75 0 9 1 
75 0 10 1 
75 0 11 0 
75 0 12 0 
75 0 13 0 
75 0 14 0 
75 0 15 0 
75 0 16 0 
75 0 17 0 
75 0 18 0 
75 0 19 0 
75 0 20 0 
75 0 21 0 
75 0 22 0 
75 0 23 0 
75 0 24 0 
75 0 25 0 
75 0 26 0 
75 0 27 0 
75 0 28 0 
75 0 29 0 
75 0 30 0 
75 0 31 0 
75 0 32 0 
75 0 33 0 
75 0 34 0 
75 0 35 0 
75 0 36 0 
76 0 0 1 
76 0 1 1 
76 0 2 1 
76 0 3 0 
76 0 4 0 
76 0 5 0 
76 0 6 0 
76 0 7 0 
76 0 8 0 
76 0 9 0 
76 0 10 0 
76 0 11 0 
76 0 12 0 
76 0 13 0 
76 0 14 0 
76 0 15 0 
76 0 16 0 
76 0 17 0 
76 0 18 0 
76 0 19 0 
76 0 20 0 
77 0 0 1 
77 0 1 0 
78 0 0 1 
79 0 0 1 
79 0 1 1 
79 0 2 1 
79 0 3 1 
79 0 4 1 
79 0 5 1 
79 0 6 0 
79 0 7 0 
79 0 8 0 
79 0 9 0 
79 0 10 0 
79 0 11 0 
79 0 12 0 
79 0 13 0 
79 0 14 0 
79 0 15 0 
79 0 16 0 
79 0 17 0 
79 0 18 0 
79 0 19 0 
80 0 0 1 
80 0 1 1 
80 0 2 1 
80 0 3 1 
80 0 4 1 
80 0 5 1 
80 0 6 0 
80 0 7 0 
80 0 8 0 
80 0 9 0 
80 0 10 0 
80 0 11 0 
80 0 12 0 
80 0 13 0 
80 0 14 0 
80 0 15 0 
80 0 16 0 
80 0 17 0 
80 0 18 0 
80 0 19 0 
80 0 20 0 
80 0 21 0 
80 0 22 0 
80 0 23 0 
80 0 24 0 
80 0 25 0 
80 0 26 0 
80 0 27 0 
80 0 28 0 
80 0 29 0 
80 0 30 0 
81 0 0 1 
82 0 0 1 
82 0 1 1 
82 0 2 1 
82 0 3 0 
83 0 0 1 
83 0 1 1 
83 0 2 1 
83 0 3 1 
83 0 4 1 
83 0 5 0 
83 0 6 0 
83 0 7 0 
83 0 8 0 
83 0 9 0 
83 0 10 0 
83 0 11 0 
83 0 12 0 
83 0 13 0 
83 0 14 0 
83 0 15 0 
83 0 16 0 
83 0 17 0 
83 0 18 0 
83 0 19 0 
83 0 20 0 
84 0 0 1 
85 0 0 1 
85 0 1 0 
85 0 2 0 
85 0 3 0 
85 0 4 0 
85 0 5 0 
85 0 6 0 
85 0 7 0 
85 0 8 0 
85 0 9 0 
85 0 10 0 
85 0 11 0 
85 0 12 0 
85 0 13 0 
86 0 0 1 
86 0 1 1 
86 0 2 1 
86 0 3 1 
86 0 4 1 
87 0 0 1 
88 0 0 1 
88 0 1 1 
88 0 2 1 
88 0 3 1 
88 0 4 1 
88 0 5 1 
88 0 6 1 
88 0 7 0 
88 0 8 0 
88 0 9 0 
88 0 10 0 
89 0 0 1 
90 0 0 1 
90 0 1 1 
91 0 0 1 
91 0 1 1 
91 0 2 1 
91 0 3 1 
91 0 4 1 
91 0 5 0 
91 0 6 0 
91 0 7 0 
91 0 8 0 
91 0 9 0 
91 0 10 0 
92 0 0 1 
92 0 1 0 
94 0 0 1 
95 0 0 1 
95 0 1 1 
95 0 2 0 
95 0 3 0 
95 0 4 0 
95 0 5 0 
95 0 6 0 
95 0 7 0 
95 0 8 0 
95 0 9 0 
96 0 0 1 
96 0 1 1 
96 0 2 1 
96 0 3 1 
96 0 4 1 
96 0 5 0 
96 0 6 0 
96 0 7 0 
96 0 8 0 
96 0 9 0 
96 0 10 0 
97 0 0 1 
97 0 1 1 
97 0 2 1 
97 0 3 1 
97 0 4 1 
97 0 5 1 
97 0 6 1 
97 0 7 1 
97 0 8 0 
97 0 9 0 
97 0 10 0 
97 0 11 0 
97 0 12 0 
97 0 13 0 
97 0 14 0 
97 0 15 0 
97 0 16 0 
97 0 17 0 
97 0 18 0 
97 0 19 0 
97 0 20 0 
97 0 21 0 
97 0 22 0 
97 0 23 0 
97 0 24 0 
97 0 25 0 
97 0 26 0 
97 0 27 0 
97 0 28 0 
97 0 29 0 
97 0 30 0 
97 0 31 0 
97 0 32 0 
97 0 33 0 
97 0 34 0 
97 0 35 0 
97 0 36 0 
97 0 37 0 
97 0 38 0 
97 0 39 0 
97 0 40 0 
97 0 41 0 
97 0 42 0 
97 0 43 0 
97 0 44 0 
97 0 45 0 
97 0 46 0 
97 0 47 0 
97 0 48 0 
97 0 49 0 
97 0 50 0 
97 0 51 0 
97 0 52 0 
97 0 53 0 
97 0 54 0 
97 0 55 0 
97 0 56 0 
97 0 57 0 
97 0 58 0 
97 0 59 0 
97 0 60 0 
97 0 61 0 
97 0 62 0 
97 0 63 0 
97 0 64 0 
97 0 65 0 
97 0 66 0 
97 0 67 0 
97 0 68 0 
97 0 69 0 
97 0 70 0 
97 0 71 0 
97 0 72 0 
97 0 73 0 
97 0 74 0 
97 0 75 0 
97 0 76 0 
97 0 77 0 
97 0 78 0 
97 0 79 0 
97 0 80 0 
97 0 81 0 
97 0 82 0 
97 0 83 0 
97 0 84 0 
97 0 85 0 
98 0 0 1 
98 0 1 1 
98 0 2 1 
98 0 3 1 
98 0 4 1 
98 0 5 1 
98 0 6 1 
98 0 7 0 
98 0 8 0 
98 0 9 0 
98 0 10 0 
98 0 11 0 
98 0 12 0 
98 0 13 0 
98 0 14 0 
98 0 15 0 
98 0 16 0 
98 0 17 0 
98 0 18 0 
98 0 19 0 
98 0 20 0 
98 0 21 0 
98 0 22 0 
98 0 23 0 
99 0 0 1 
99 0 1 1 
99 0 2 1 
99 0 3 1 
99 0 4 0 
99 0 5 0 
99 0 6 0 
99 0 7 0 
99 0 8 0 
99 0 9 0 
99 0 10 0 
99 0 11 0 
99 0 12 0 
99 0 13 0 
