4.300000000000000000e+01
1.380000000000000000e+02
7.300000000000000000e+01
3.000000000000000000e+01
1.750000000000000000e+02
2.540000000000000000e+02
5.570000000000000000e+02
7.800000000000000000e+01
2.850000000000000000e+02
5.400000000000000000e+01
3.780000000000000000e+02
1.470000000000000000e+02
1.600000000000000000e+01
3.720000000000000000e+02
1.430000000000000000e+02
7.800000000000000000e+01
1.020000000000000000e+02
1.220000000000000000e+02
4.310000000000000000e+02
5.100000000000000000e+01
1.050000000000000000e+02
1.000000000000000000e+00
7.300000000000000000e+01
3.090000000000000000e+02
1.150000000000000000e+02
1.970000000000000000e+02
4.500000000000000000e+01
2.700000000000000000e+01
8.300000000000000000e+01
2.420000000000000000e+02
6.100000000000000000e+01
3.690000000000000000e+02
5.460000000000000000e+02
1.004000000000000000e+03
2.600000000000000000e+01
1.500000000000000000e+01
8.700000000000000000e+01
2.530000000000000000e+02
1.940000000000000000e+02
2.800000000000000000e+01
7.800000000000000000e+01
7.000000000000000000e+01
5.900000000000000000e+01
7.100000000000000000e+01
9.800000000000000000e+01
6.800000000000000000e+01
1.190000000000000000e+02
7.400000000000000000e+01
9.100000000000000000e+01
6.500000000000000000e+01
3.590000000000000000e+02
1.000000000000000000e+01
1.370000000000000000e+02
8.900000000000000000e+01
1.360000000000000000e+02
3.040000000000000000e+02
2.870000000000000000e+02
7.600000000000000000e+01
8.600000000000000000e+01
4.590000000000000000e+02
1.010000000000000000e+02
2.980000000000000000e+02
6.400000000000000000e+01
5.090000000000000000e+02
5.300000000000000000e+01
5.400000000000000000e+01
2.300000000000000000e+02
1.860000000000000000e+02
2.830000000000000000e+02
3.200000000000000000e+01
1.240000000000000000e+02
4.760000000000000000e+02
8.500000000000000000e+01
5.430000000000000000e+02
3.170000000000000000e+02
5.000000000000000000e+02
2.900000000000000000e+01
6.900000000000000000e+01
1.350000000000000000e+02
1.910000000000000000e+02
5.540000000000000000e+02
9.700000000000000000e+02
5.300000000000000000e+01
5.400000000000000000e+01
2.430000000000000000e+02
7.500000000000000000e+01
1.053000000000000000e+03
2.800000000000000000e+01
8.900000000000000000e+01
2.010000000000000000e+02
7.600000000000000000e+01
6.700000000000000000e+01
3.800000000000000000e+01
1.820000000000000000e+02
2.760000000000000000e+02
3.920000000000000000e+02
1.550000000000000000e+02
1.550000000000000000e+02
7.200000000000000000e+01
8.220000000000000000e+02
2.500000000000000000e+01
4.750000000000000000e+02
2.950000000000000000e+02
5.940000000000000000e+02
2.380000000000000000e+02
4.180000000000000000e+02
4.360000000000000000e+02
9.000000000000000000e+00
1.090000000000000000e+02
2.510000000000000000e+02
1.200000000000000000e+01
1.640000000000000000e+02
1.900000000000000000e+02
5.000000000000000000e+01
2.520000000000000000e+02
3.100000000000000000e+02
1.800000000000000000e+01
7.800000000000000000e+01
4.800000000000000000e+01
3.150000000000000000e+02
1.100000000000000000e+01
8.880000000000000000e+02
5.500000000000000000e+01
2.500000000000000000e+01
1.870000000000000000e+02
6.400000000000000000e+02
1.420000000000000000e+02
2.940000000000000000e+02
2.200000000000000000e+01
1.740000000000000000e+02
3.400000000000000000e+02
1.740000000000000000e+02
4.100000000000000000e+01
7.800000000000000000e+01
3.480000000000000000e+02
4.570000000000000000e+02
5.600000000000000000e+01
6.680000000000000000e+02
2.390000000000000000e+02
6.300000000000000000e+01
5.200000000000000000e+01
2.010000000000000000e+02
1.340000000000000000e+02
9.000000000000000000e+00
3.440000000000000000e+02
2.460000000000000000e+02
2.950000000000000000e+02
1.530000000000000000e+02
6.010000000000000000e+02
7.030000000000000000e+02
5.850000000000000000e+02
2.050000000000000000e+02
3.250000000000000000e+02
1.680000000000000000e+02
8.500000000000000000e+01
2.390000000000000000e+02
7.300000000000000000e+01
3.140000000000000000e+02
1.490000000000000000e+02
6.480000000000000000e+02
2.490000000000000000e+02
5.900000000000000000e+01
3.190000000000000000e+02
4.260000000000000000e+02
4.990000000000000000e+02
1.430000000000000000e+02
2.310000000000000000e+02
4.130000000000000000e+02
1.660000000000000000e+02
1.940000000000000000e+02
4.500000000000000000e+01
4.740000000000000000e+02
1.480000000000000000e+02
1.650000000000000000e+02
8.150000000000000000e+02
4.050000000000000000e+02
5.960000000000000000e+02
4.940000000000000000e+02
9.600000000000000000e+01
1.000000000000000000e+01
3.660000000000000000e+02
5.200000000000000000e+01
2.800000000000000000e+01
6.270000000000000000e+02
3.330000000000000000e+02
8.000000000000000000e+00
