0 0 0 1 0.153610980841 glove 
0 0 1 1 0.170839050964 glove 
0 0 2 1 0.135304238733 glove 
0 0 3 1 0.149913902824 glove 
0 0 4 1 0.104340514077 glove 
0 0 5 1 0.115302451355 glove 
0 0 6 1 0.151159613856 glove 
0 0 7 1 0.142059012045 glove 
0 0 8 1 0.0265750048493 glove 
0 0 9 1 0.0926869796577 glove 
0 0 10 1 0.120062822764 glove 
0 0 11 1 0.0754755799608 glove 
0 0 12 1 0.123268387493 glove 
0 0 13 1 0.0410098996511 glove 
0 0 14 1 0.0488514041511 glove 
1 0 0 1 0.0628435793513 glove 
1 0 1 1 0.0324791580908 glove 
2 0 0 1 0.134341591338 glove 
2 0 1 1 0.300393745772 glove 
2 0 2 1 0.0752640695728 glove 
2 0 3 1 0.154957005966 glove 
2 0 4 1 0.0376756456862 glove 
2 0 5 1 0.0862966189869 glove 
2 0 6 1 0.0587765229642 glove 
2 0 7 1 0.0758461156632 glove 
3 0 0 1 0.147335042264 glove 
3 0 1 1 0.105461520664 glove 
4 0 0 1 0.0279159346882 glove 
4 0 1 1 0.084521532424 glove 
4 0 2 1 0.0572882885445 glove 
4 0 3 1 0.0343312139973 glove 
4 0 4 1 0.0220145581714 glove 
4 0 5 1 0.020937310881 glove 
4 0 6 1 0.0213794796251 glove 
4 0 7 1 0.0188475911132 glove 
4 0 8 1 0.0350164372474 glove 
4 0 9 1 0.0239339079261 glove 
4 0 10 1 0.0272593597286 glove 
4 0 11 1 0.020355155069 glove 
4 0 12 1 0.0198321408917 glove 
4 0 13 1 0.0280859128923 glove 
4 0 14 1 0.022701392221 glove 
4 0 15 1 0.0206260010035 glove 
4 0 16 1 0.0309901652534 glove 
4 0 17 1 0.0881966643153 glove 
4 0 18 1 0.0180210743845 glove 
4 0 19 1 0.021102634207 glove 
4 0 20 1 0.0185352329248 glove 
4 0 21 1 0.0210784958853 glove 
4 0 22 1 0.0167711592178 glove 
4 0 23 1 0.0196786367547 glove 
4 0 24 1 0.0191857064777 glove 
4 0 25 1 0.0188720322554 glove 
4 0 26 1 0.0150064137636 glove 
4 0 27 1 0.0243044730022 glove 
4 0 28 1 0.0262276882297 glove 
4 0 29 1 0.0226856302617 glove 
4 0 30 1 0.0185502533902 glove 
4 0 31 1 0.022537841512 glove 
4 0 32 1 0.0177927176483 glove 
4 0 33 1 0.0249289616576 glove 
4 0 34 1 0.0298708911894 glove 
4 0 35 1 0.0226116001505 glove 
4 0 36 1 0.016947644202 glove 
4 0 37 1 0.0407658240999 glove 
4 0 38 1 0.0409746626718 glove 
4 0 39 1 0.0168495389671 glove 
4 0 40 1 0.0186349987673 glove 
4 0 41 1 0.0346049331755 glove 
4 0 42 1 0.0608575889044 glove 
4 0 43 1 0.0216597384878 glove 
5 0 0 1 0.0453394873549 glove 
6 0 0 1 0.0153413164918 glove 
6 0 1 1 0.0170333752696 glove 
6 0 2 1 0.0172283778826 glove 
6 0 3 1 0.0174091191458 glove 
6 0 4 1 0.0219454580747 glove 
7 0 0 1 0.172302079363 glove 
7 0 1 1 0.166272595348 glove 
7 0 2 1 0.0645215456009 glove 
7 0 3 1 0.0578562265205 glove 
7 0 4 1 0.233021743669 glove 
7 0 5 1 0.525806287838 glove 
7 0 6 1 0.0417871242084 glove 
7 0 7 1 0.427026202602 glove 
7 0 8 1 0.0744208901486 glove 
7 0 9 1 0.0610568059469 glove 
7 0 10 1 0.0266002687787 glove 
7 0 11 1 0.0287664663053 glove 
7 0 12 1 0.0340439673426 glove 
7 0 13 1 0.0508474095783 glove 
7 0 14 1 0.0232168140754 glove 
7 0 15 1 0.0740674608432 glove 
7 0 16 1 0.103552357907 glove 
7 0 17 1 0.0401284675285 glove 
7 0 18 1 0.0294757767099 glove 
7 0 19 1 0.0577622218242 glove 
7 0 20 1 0.0408696934702 glove 
7 0 21 1 0.0573265078797 glove 
7 0 22 1 0.0209998764653 glove 
7 0 23 1 0.0252982469506 glove 
7 0 24 1 0.0344343263972 glove 
7 0 25 1 0.0738610025881 glove 
7 0 26 1 0.0510020753228 glove 
7 0 27 1 0.0210474772944 glove 
7 0 28 1 0.0329306174274 glove 
7 0 29 1 0.0250372587429 glove 
7 0 30 1 0.0525648194438 glove 
7 0 31 1 0.204745462599 glove 
7 0 32 1 0.0299064713682 glove 
7 0 33 1 0.0541303703806 glove 
7 0 34 1 0.0167086057132 glove 
7 0 35 1 0.0584850253226 glove 
7 0 36 1 0.0327231020918 glove 
7 0 37 1 0.0915812851175 glove 
7 0 38 1 0.0355792067825 glove 
7 0 39 1 0.0542208281885 glove 
7 0 40 1 0.0387012175222 glove 
7 0 41 1 0.059623756376 glove 
7 0 42 1 0.0198584697117 glove 
7 0 43 1 0.023259361365 glove 
7 0 44 1 0.02532178547 glove 
7 0 45 1 0.0324608139011 glove 
7 0 46 1 0.0157221207487 glove 
7 0 47 1 0.0436773669928 glove 
7 0 48 1 0.0480361879304 glove 
7 0 49 1 0.0501101992357 glove 
7 0 50 1 0.0757763515918 glove 
7 0 51 1 0.0310464273832 glove 
7 0 52 1 0.062575661604 glove 
7 0 53 1 0.0233724594726 glove 
7 0 54 1 0.0456709936909 glove 
7 0 55 1 0.0698262647199 glove 
7 0 56 1 0.047441460736 glove 
7 0 57 1 0.0264357282036 glove 
7 0 58 1 0.0194861899291 glove 
7 0 59 1 0.0221294121297 glove 
7 0 60 1 0.0316708834593 glove 
7 0 61 1 0.0274985964991 glove 
7 0 62 1 0.270868689444 glove 
7 0 63 1 0.0710748256035 glove 
7 0 64 1 0.0460728790542 glove 
7 0 65 1 0.0179143231118 glove 
7 0 66 1 0.0297539922377 glove 
7 0 67 1 0.464121535441 glove 
7 0 68 1 0.0481751989112 glove 
7 0 69 1 0.0693522402664 glove 
7 0 70 1 0.0597289997718 glove 
7 0 71 1 0.0492021096365 glove 
7 0 72 1 0.0299670571525 glove 
7 0 73 1 0.0454613186149 glove 
7 0 74 1 0.0478062371549 glove 
7 0 75 1 0.0997400908154 glove 
7 0 76 1 0.257886449857 glove 
7 0 77 1 0.0557088818567 glove 
7 0 78 1 0.0193975993375 glove 
7 0 79 1 0.0240825977422 glove 
7 0 80 1 0.124191512443 glove 
7 0 81 1 0.0644131084211 glove 
7 0 82 1 0.0805899498571 glove 
7 0 83 1 0.231253911472 glove 
7 0 84 1 0.0887864080215 glove 
7 0 85 1 0.0300478110865 glove 
7 0 86 1 0.0732738007786 glove 
7 0 87 1 0.0280245873424 glove 
7 0 88 1 0.0198758824205 glove 
7 0 89 1 0.243360225953 glove 
7 0 90 1 0.043719151876 glove 
7 0 91 1 0.0223510041591 glove 
7 0 92 1 0.0465392081171 glove 
7 0 93 1 0.147519676955 glove 
7 0 94 1 0.0716139448393 glove 
7 0 95 1 0.0695840519537 glove 
7 0 96 1 0.299023458056 glove 
7 0 97 1 0.0308727232163 glove 
7 0 98 1 0.0380422013187 glove 
7 0 99 1 0.0178360211628 glove 
7 0 100 1 0.0183142670377 glove 
7 0 101 1 0.0302901844954 glove 
7 0 102 1 0.0562554429126 glove 
7 0 103 1 0.0454935878876 glove 
7 0 104 1 0.0207851914531 glove 
7 0 105 1 0.151361956914 glove 
7 0 106 1 0.0480749928945 glove 
7 0 107 1 0.065335793044 glove 
7 0 108 1 0.0381870255544 glove 
7 0 109 1 0.0268130710572 glove 
8 0 0 1 0.0988699172222 glove 
8 0 1 1 0.358925251145 glove 
8 0 2 1 0.056993609701 glove 
8 0 3 1 0.031565741994 glove 
8 0 4 1 0.12956651457 glove 
8 0 5 1 0.388436546175 glove 
8 0 6 1 0.0204743401414 glove 
8 0 7 1 0.023950865591 glove 
8 0 8 1 0.0274569398655 glove 
8 0 9 1 0.0201162789992 glove 
8 0 10 1 0.0543036213524 glove 
8 0 11 1 0.0341634988799 glove 
8 0 12 1 0.0305321527521 glove 
8 0 13 1 0.0245153910076 glove 
8 0 14 1 0.0199551375205 glove 
8 0 15 1 0.0266271626634 glove 
8 0 16 1 0.0625959552141 glove 
8 0 17 1 0.0218909224915 glove 
8 0 18 1 0.0330197850288 glove 
8 0 19 1 0.0343465700558 glove 
8 0 20 1 0.0382683492845 glove 
8 0 21 1 0.132085558224 glove 
8 0 22 1 0.021720567717 glove 
8 0 23 1 0.0398083102775 glove 
8 0 24 1 0.0460794886579 glove 
8 0 25 1 0.0673574342599 glove 
8 0 26 1 0.118956520755 glove 
8 0 27 1 0.399848999636 glove 
8 0 28 1 0.0263501584571 glove 
8 0 29 1 0.0323041238873 glove 
8 0 30 1 0.0181622995937 glove 
8 0 31 1 0.0302529757499 glove 
8 0 32 1 0.0425631637679 glove 
8 0 33 1 0.0181133629453 glove 
8 0 34 1 0.018747694527 glove 
8 0 35 1 0.0740115946818 glove 
8 0 36 1 0.0259945990319 glove 
8 0 37 1 0.0217207503713 glove 
8 0 38 1 0.0233405461665 glove 
8 0 39 1 0.0259408076552 glove 
9 0 0 1 0.0880104714949 glove 
9 0 1 1 0.045942728531 glove 
9 0 2 1 0.0216850675 glove 
9 0 3 1 0.0243406432284 glove 
9 0 4 1 0.0327818121667 glove 
9 0 5 1 0.0237164257463 glove 
9 0 6 1 0.0169430434585 glove 
9 0 7 1 0.0196332013991 glove 
9 0 8 1 0.0242077341952 glove 
10 0 0 1 0.0764167788709 glove 
10 0 1 1 0.171067578077 glove 
10 0 2 1 0.181528612033 glove 
10 0 3 1 0.0991097823294 glove 
10 0 4 1 0.0961364640454 glove 
10 0 5 1 0.0336472101271 glove 
10 0 6 1 0.0629308930498 glove 
10 0 7 1 0.0364990344486 glove 
10 0 8 1 0.0346424176584 glove 
10 0 9 1 0.0401355041131 glove 
10 0 10 1 0.0184384490737 glove 
10 0 11 1 0.0173767977898 glove 
10 0 12 1 0.0259145244907 glove 
10 0 13 1 0.0529865181261 glove 
10 0 14 1 0.0183677023674 glove 
10 0 15 1 0.0265816786413 glove 
10 0 16 1 0.0259926608589 glove 
10 0 17 1 0.0199226701977 glove 
10 0 18 1 0.0188309080992 glove 
10 0 19 1 0.0331862654705 glove 
10 0 20 1 0.0391090907005 glove 
10 0 21 1 0.0184645311251 glove 
10 0 22 1 0.0332359567118 glove 
10 0 23 1 0.0191741841422 glove 
10 0 24 1 0.307478630561 glove 
10 0 25 1 0.0269347568748 glove 
10 0 26 1 0.0192712404843 glove 
10 0 27 1 0.047187189282 glove 
10 0 28 1 0.0213486799537 glove 
10 0 29 1 0.0222847674721 glove 
10 0 30 1 0.0184157327319 glove 
10 0 31 1 0.0260672382443 glove 
10 0 32 1 0.0187057911508 glove 
10 0 33 1 0.0163219070296 glove 
10 0 34 1 0.0704016042034 glove 
10 0 35 1 0.0194871549843 glove 
10 0 36 1 0.029006774283 glove 
10 0 37 1 0.0297391157325 glove 
10 0 38 1 0.0218538396619 glove 
10 0 39 1 0.0584976634412 glove 
10 0 40 1 0.0206004613746 glove 
10 0 41 1 0.0199179086134 glove 
10 0 42 1 0.0325989880051 glove 
11 0 0 1 0.0700103320925 glove 
11 0 1 1 0.0583377476096 glove 
11 0 2 1 0.0269392850453 glove 
11 0 3 1 0.0831715141028 glove 
11 0 4 1 0.0209584688631 glove 
11 0 5 1 0.0453241736147 glove 
11 0 6 1 0.0621297167333 glove 
11 0 7 1 0.028778691012 glove 
11 0 8 1 0.030136866626 glove 
11 0 9 1 0.0252433742202 glove 
11 0 10 1 0.020516683645 glove 
11 0 11 1 0.0321913036604 glove 
11 0 12 1 0.0243113458683 glove 
11 0 13 1 0.132033266368 glove 
11 0 14 1 0.03432151384 glove 
11 0 15 1 0.034840952598 glove 
11 0 16 1 0.0204549814198 glove 
11 0 17 1 0.0390045131582 glove 
11 0 18 1 0.027162141342 glove 
12 0 0 1 0.0621965112112 glove 
12 0 1 1 0.114791276961 glove 
12 0 2 1 0.153036449666 glove 
12 0 3 1 0.120154321214 glove 
12 0 4 1 0.171771006337 glove 
12 0 5 1 0.108516673881 glove 
12 0 6 1 0.196048808783 glove 
12 0 7 1 0.100580302426 glove 
12 0 8 1 0.113651125205 glove 
12 0 9 1 0.419707479174 glove 
12 0 10 1 0.188262447617 glove 
12 0 11 1 0.0514788410868 glove 
12 0 12 1 0.0456184408666 glove 
12 0 13 1 0.076300637558 glove 
12 0 14 1 0.0403977494018 glove 
12 0 15 1 0.106907751963 glove 
12 0 16 1 0.0607320601302 glove 
12 0 17 1 0.105159937444 glove 
12 0 18 1 0.167144982681 glove 
12 0 19 1 0.156628513111 glove 
12 0 20 1 0.0573508870494 glove 
12 0 21 1 0.0494300242472 glove 
12 0 22 1 0.0474663321441 glove 
12 0 23 1 0.052071246349 glove 
12 0 24 1 0.0616837943452 glove 
12 0 25 1 0.0344886839868 glove 
12 0 26 1 0.0643555911974 glove 
12 0 27 1 0.0467613486575 glove 
12 0 28 1 0.395898085771 glove 
12 0 29 1 0.0517628221461 glove 
12 0 30 1 0.0847787302905 glove 
12 0 31 1 0.0676441120563 glove 
12 0 32 1 0.123744314333 glove 
12 0 33 1 0.100902252697 glove 
12 0 34 1 0.0514146739153 glove 
12 0 35 1 0.123210596377 glove 
12 0 36 1 0.33843121291 glove 
12 0 37 1 0.0499378436759 glove 
12 0 38 1 0.153493377331 glove 
12 0 39 1 0.0327600398641 glove 
12 0 40 1 0.224185862631 glove 
12 0 41 1 0.07401731323 glove 
12 0 42 1 0.127659557872 glove 
12 0 43 1 0.231412319306 glove 
12 0 44 1 0.0665846261258 glove 
12 0 45 1 0.074882973063 glove 
12 0 46 1 0.13270805769 glove 
12 0 47 1 0.0770045409091 glove 
12 0 48 1 0.128469056794 glove 
12 0 49 1 0.0432678025338 glove 
12 0 50 1 0.0940242862251 glove 
12 0 51 1 0.0828710556457 glove 
12 0 52 1 0.0395209869746 glove 
12 0 53 1 0.0529481789186 glove 
12 0 54 1 0.0491681954557 glove 
12 0 55 1 0.0586696264761 glove 
12 0 56 1 0.0594213132028 glove 
12 0 57 1 0.111794267682 glove 
12 0 58 1 0.170066397651 glove 
12 0 59 1 0.0649964719299 glove 
12 0 60 1 0.121746277254 glove 
12 0 61 1 0.122059550537 glove 
12 0 62 1 0.204640196437 glove 
12 0 63 1 0.21574605696 glove 
12 0 64 1 0.150193847808 glove 
12 0 65 1 0.0362782061836 glove 
12 0 66 1 0.134517334106 glove 
12 0 67 1 0.0347806651835 glove 
12 0 68 1 0.0755721616244 glove 
12 0 69 1 0.125378657436 glove 
12 0 70 1 0.311642676891 glove 
12 0 71 1 0.180655016565 glove 
12 0 72 1 0.0570045074244 glove 
12 0 73 1 0.11549059854 glove 
13 0 0 1 0.15982368623 glove 
13 0 1 1 0.325016245429 glove 
13 0 2 1 0.246216089319 glove 
13 0 3 1 0.0618409869702 glove 
13 0 4 1 0.155363865396 glove 
13 0 5 1 0.287941292148 glove 
13 0 6 1 0.265988193629 glove 
13 0 7 1 0.098607607652 glove 
13 0 8 1 0.0998644932319 glove 
13 0 9 1 0.23892712618 glove 
13 0 10 1 0.121205274213 glove 
13 0 11 1 0.288636438056 glove 
13 0 12 1 0.534889137205 glove 
13 0 13 1 0.248900142133 glove 
13 0 14 1 0.0414423242713 glove 
13 0 15 1 0.0891454847278 glove 
13 0 16 1 0.0454010459406 glove 
13 0 17 1 0.186703112449 glove 
13 0 18 1 0.0803846327551 glove 
13 0 19 1 0.199051862402 glove 
13 0 20 1 0.101949391625 glove 
13 0 21 1 0.0575112428961 glove 
13 0 22 1 0.126191533658 glove 
13 0 23 1 0.0361144604549 glove 
13 0 24 1 0.05206961415 glove 
13 0 25 1 0.0468796450095 glove 
13 0 26 1 0.0889213954083 glove 
13 0 27 1 0.0508474892342 glove 
13 0 28 1 0.0806485323585 glove 
13 0 29 1 0.126353073997 glove 
13 0 30 1 0.0909241942352 glove 
13 0 31 1 0.0839580282553 glove 
13 0 32 1 0.0484844113821 glove 
13 0 33 1 0.106083369792 glove 
13 0 34 1 0.116843215934 glove 
13 0 35 1 0.0357532228657 glove 
13 0 36 1 0.0369992712788 glove 
13 0 37 1 0.0827396024621 glove 
13 0 38 1 0.214029585782 glove 
13 0 39 1 0.0994891702712 glove 
13 0 40 1 0.155927058926 glove 
13 0 41 1 0.305043499969 glove 
13 0 42 1 0.0644423437944 glove 
13 0 43 1 0.0524273765034 glove 
13 0 44 1 0.0686622199506 glove 
13 0 45 1 0.0275754161947 glove 
13 0 46 1 0.0362039749928 glove 
13 0 47 1 0.13789624725 glove 
13 0 48 1 0.0672171673502 glove 
13 0 49 1 0.0729133582414 glove 
13 0 50 1 0.074002467619 glove 
13 0 51 1 0.0481196338266 glove 
13 0 52 1 0.0610981785754 glove 
13 0 53 1 0.0269451729264 glove 
13 0 54 1 0.0902083706825 glove 
13 0 55 1 0.064374585564 glove 
13 0 56 1 0.0525106564206 glove 
13 0 57 1 0.0783642974208 glove 
13 0 58 1 0.0303666017127 glove 
13 0 59 1 0.0589083066368 glove 
13 0 60 1 0.0552443112963 glove 
13 0 61 1 0.0382132728484 glove 
13 0 62 1 0.136434181224 glove 
13 0 63 1 0.126891484318 glove 
13 0 64 1 0.0887183337774 glove 
13 0 65 1 0.115414556113 glove 
13 0 66 1 0.153264022896 glove 
13 0 67 1 0.0970556403477 glove 
13 0 68 1 0.111944490969 glove 
13 0 69 1 0.0594553417245 glove 
13 0 70 1 0.0710325503948 glove 
13 0 71 1 0.0432150257204 glove 
13 0 72 1 0.065720825782 glove 
13 0 73 1 0.178045497244 glove 
13 0 74 1 0.0341535932797 glove 
13 0 75 1 0.0682310548309 glove 
13 0 76 1 0.0353333596414 glove 
13 0 77 1 0.217976110484 glove 
13 0 78 1 0.0815125468106 glove 
13 0 79 1 0.0494150097496 glove 
13 0 80 1 0.0523043505021 glove 
13 0 81 1 0.169461802782 glove 
13 0 82 1 0.0278768844505 glove 
13 0 83 1 0.0792399327654 glove 
13 0 84 1 0.0989285333825 glove 
13 0 85 1 0.255496790878 glove 
13 0 86 1 0.186630334916 glove 
13 0 87 1 0.0712752378485 glove 
13 0 88 1 0.197097922484 glove 
13 0 89 1 0.0785663494621 glove 
13 0 90 1 0.0615987126325 glove 
13 0 91 1 0.0430812863213 glove 
13 0 92 1 0.0230669536884 glove 
13 0 93 1 0.0417971068295 glove 
13 0 94 1 0.204029278037 glove 
13 0 95 1 0.112197723362 glove 
13 0 96 1 0.11922078699 glove 
13 0 97 1 0.0596520946612 glove 
13 0 98 1 0.0801845238681 glove 
13 0 99 1 0.0531249218633 glove 
13 0 100 1 0.041558346535 glove 
13 0 101 1 0.287942572857 glove 
13 0 102 1 0.0373468975216 glove 
13 0 103 1 0.0281908649278 glove 
13 0 104 1 0.0303792453036 glove 
13 0 105 1 0.0378394262968 glove 
13 0 106 1 0.0582321659505 glove 
13 0 107 1 0.0280967223635 glove 
13 0 108 1 0.10038023015 glove 
13 0 109 1 0.0501036087888 glove 
13 0 110 1 0.157337472786 glove 
13 0 111 1 0.139118769078 glove 
13 0 112 1 0.070055912461 glove 
13 0 113 1 0.0510643873093 glove 
13 0 114 1 0.0306465940203 glove 
13 0 115 1 0.0697606331673 glove 
13 0 116 1 0.132595639026 glove 
13 0 117 1 0.070178057326 glove 
13 0 118 1 0.133369241725 glove 
13 0 119 1 0.193583256478 glove 
13 0 120 1 0.0437188087235 glove 
13 0 121 1 0.23476296027 glove 
13 0 122 1 0.109861120964 glove 
13 0 123 1 0.376974650624 glove 
13 0 124 1 0.177186874168 glove 
13 0 125 1 0.0545340701007 glove 
13 0 126 1 0.34280393436 glove 
13 0 127 1 0.067022289161 glove 
13 0 128 1 0.111387388581 glove 
13 0 129 1 0.101878605632 glove 
14 0 0 1 0.0689564806314 glove 
15 0 0 1 0.137977672543 glove 
15 0 1 1 0.132156744707 glove 
15 0 2 1 0.21557093616 glove 
15 0 3 1 0.392640682949 glove 
15 0 4 1 0.111726157124 glove 
15 0 5 1 0.115021958251 glove 
15 0 6 1 0.0803846556007 glove 
15 0 7 1 0.13264021467 glove 
15 0 8 1 0.0347285422417 glove 
15 0 9 1 0.0604112846056 glove 
15 0 10 1 0.0438037547267 glove 
15 0 11 1 0.0552916074374 glove 
15 0 12 1 0.0390879251314 glove 
15 0 13 1 0.0332385653312 glove 
15 0 14 1 0.0449358092691 glove 
15 0 15 1 0.0518746451517 glove 
15 0 16 1 0.148787433922 glove 
15 0 17 1 0.0215571256668 glove 
15 0 18 1 0.11728858972 glove 
15 0 19 1 0.33913447858 glove 
15 0 20 1 0.230556805426 glove 
15 0 21 1 0.0323688295675 glove 
15 0 22 1 0.0496058860895 glove 
15 0 23 1 0.0714939463186 glove 
15 0 24 1 0.0442380579319 glove 
15 0 25 1 0.0317370681395 glove 
15 0 26 1 0.0407387638172 glove 
15 0 27 1 0.0241894102791 glove 
15 0 28 1 0.0251933593826 glove 
15 0 29 1 0.103251657933 glove 
15 0 30 1 0.0227986832094 glove 
15 0 31 1 0.0232624130717 glove 
15 0 32 1 0.0742411889183 glove 
15 0 33 1 0.028818858475 glove 
15 0 34 1 0.0444885491768 glove 
15 0 35 1 0.0243594140797 glove 
15 0 36 1 0.143182287282 glove 
15 0 37 1 0.0896368717817 glove 
15 0 38 1 0.0358676190778 glove 
15 0 39 1 0.0374162178787 glove 
15 0 40 1 0.0335319807608 glove 
15 0 41 1 0.0551611859588 glove 
15 0 42 1 0.106964217102 glove 
15 0 43 1 0.0515843918504 glove 
15 0 44 1 0.0176337097726 glove 
16 0 0 1 0.079451304371 glove 
16 0 1 1 0.0249617990274 glove 
16 0 2 1 0.0625113596968 glove 
16 0 3 1 0.0257880323617 glove 
16 0 4 1 0.0406674161858 glove 
16 0 5 1 0.0674083809821 glove 
16 0 6 1 0.059660679156 glove 
16 0 7 1 0.0341861180224 glove 
16 0 8 1 0.0233966793742 glove 
16 0 9 1 0.0174961600056 glove 
17 0 0 1 0.0723773454882 glove 
17 0 1 1 0.0429705879943 glove 
17 0 2 1 0.0736826322446 glove 
17 0 3 1 0.0302265952101 glove 
17 0 4 1 0.040884126339 glove 
17 0 5 1 0.0622259111416 glove 
17 0 6 1 0.0628282860513 glove 
18 0 0 1 0.0847389583109 glove 
18 0 1 1 0.121009159546 glove 
18 0 2 1 0.0712864036706 glove 
18 0 3 1 0.319414504969 glove 
18 0 4 1 0.0472022179098 glove 
18 0 5 1 0.141583502395 glove 
18 0 6 1 0.0618217407563 glove 
18 0 7 1 0.130344332073 glove 
18 0 8 1 0.179334492652 glove 
18 0 9 1 0.0738072876902 glove 
18 0 10 1 0.0600532193269 glove 
18 0 11 1 0.0411261673501 glove 
18 0 12 1 0.0920581321999 glove 
18 0 13 1 0.154080206158 glove 
18 0 14 1 0.143191265422 glove 
18 0 15 1 0.0466266045024 glove 
18 0 16 1 0.211705459414 glove 
18 0 17 1 0.166624539336 glove 
19 0 0 1 0.0742874397784 glove 
19 0 1 1 0.0684163582879 glove 
19 0 2 1 0.147581441043 glove 
19 0 3 1 0.0957986538153 glove 
19 0 4 1 0.0320373673885 glove 
19 0 5 1 0.0695564469096 glove 
19 0 6 1 0.112421365098 glove 
19 0 7 1 0.0575067771454 glove 
19 0 8 1 0.0977236583241 glove 
19 0 9 1 0.137697457054 glove 
19 0 10 1 0.0452733618069 glove 
20 0 0 1 0.0911006502279 glove 
20 0 1 1 0.0439951488603 glove 
20 0 2 1 0.0823084589247 glove 
20 0 3 1 0.0624892122974 glove 
20 0 4 1 0.0591326166097 glove 
20 0 5 1 0.0548054126871 glove 
20 0 6 1 0.029534431747 glove 
20 0 7 1 0.054054971782 glove 
20 0 8 1 0.0686373961452 glove 
20 0 9 1 0.02982894418 glove 
21 0 0 1 0.0766519755838 glove 
21 0 1 1 0.0259674772725 glove 
21 0 2 1 0.0383938689394 glove 
21 0 3 1 0.0344999434359 glove 
21 0 4 1 0.0357853843666 glove 
21 0 5 1 0.035213960207 glove 
21 0 6 1 0.0418365499739 glove 
21 0 7 1 0.0655209959858 glove 
22 0 0 1 0.138629484888 glove 
22 0 1 1 0.262995500777 glove 
22 0 2 1 0.0510437081951 glove 
22 0 3 1 0.0610840089025 glove 
23 0 0 1 0.186554212291 glove 
23 0 1 1 0.179542358653 glove 
23 0 2 1 0.064886204505 glove 
23 0 3 1 0.0899923850984 glove 
23 0 4 1 0.069030123281 glove 
23 0 5 1 0.103632132818 glove 
23 0 6 1 0.0972494445421 glove 
23 0 7 1 0.0878560752865 glove 
23 0 8 1 0.0602066241993 glove 
23 0 9 1 0.0276829373789 glove 
23 0 10 1 0.0328675505101 glove 
23 0 11 1 0.0360140959689 glove 
23 0 12 1 0.03377450921 glove 
23 0 13 1 0.024545002355 glove 
23 0 14 1 0.0277799600474 glove 
23 0 15 1 0.0185026136311 glove 
23 0 16 1 0.0769535776775 glove 
23 0 17 1 0.0492653489337 glove 
23 0 18 1 0.103619586324 glove 
23 0 19 1 0.0344366596115 glove 
23 0 20 1 0.0284339960373 glove 
23 0 21 1 0.0428062835317 glove 
23 0 22 1 0.0781091906905 glove 
23 0 23 1 0.0468414687446 glove 
23 0 24 1 0.0185665375436 glove 
23 0 25 1 0.0206973152621 glove 
23 0 26 1 0.0317396604203 glove 
23 0 27 1 0.0163664557217 glove 
23 0 28 1 0.0177429690757 glove 
23 0 29 1 0.0155361003743 glove 
23 0 30 1 0.0338831390409 glove 
23 0 31 1 0.228886243218 glove 
23 0 32 1 0.0353926363388 glove 
23 0 33 1 0.0188947956925 glove 
23 0 34 1 0.0265945805017 glove 
23 0 35 1 0.0724568392009 glove 
23 0 36 1 0.0384043125194 glove 
23 0 37 1 0.0402175837066 glove 
23 0 38 1 0.0393499618749 glove 
23 0 39 1 0.0234801470366 glove 
23 0 40 1 0.0192147266931 glove 
23 0 41 1 0.0285573092754 glove 
23 0 42 1 0.0248595011976 glove 
23 0 43 1 0.0353712551837 glove 
24 0 0 1 0.0600009773687 glove 
24 0 1 1 0.12814111528 glove 
24 0 2 1 0.0707935162225 glove 
24 0 3 1 0.034671075622 glove 
24 0 4 1 0.0552623451326 glove 
24 0 5 1 0.0452433086239 glove 
24 0 6 1 0.0463227697681 glove 
24 0 7 1 0.0338279725951 glove 
24 0 8 1 0.053396076909 glove 
24 0 9 1 0.0355398901345 glove 
25 0 0 1 0.0466250127505 glove 
25 0 1 1 0.0514301023843 glove 
25 0 2 1 0.054124636051 glove 
25 0 3 1 0.0420921438508 glove 
25 0 4 1 0.0714512348367 glove 
25 0 5 1 0.0249812267609 glove 
25 0 6 1 0.0558943048926 glove 
25 0 7 1 0.0266703673134 glove 
25 0 8 1 0.199135633977 glove 
25 0 9 1 0.0301755220729 glove 
25 0 10 1 0.100306288693 glove 
25 0 11 1 0.083842721135 glove 
25 0 12 1 0.0680788522603 glove 
25 0 13 1 0.0823777394965 glove 
25 0 14 1 0.0516094510894 glove 
25 0 15 1 0.0383867527019 glove 
25 0 16 1 0.0293890217682 glove 
25 0 17 1 0.0247399604317 glove 
25 0 18 1 0.136030778198 glove 
25 0 19 1 0.0641043169737 glove 
25 0 20 1 0.118492059749 glove 
25 0 21 1 0.025308199382 glove 
25 0 22 1 0.0772036039939 glove 
25 0 23 1 0.0675735813181 glove 
25 0 24 1 0.0437967404161 glove 
25 0 25 1 0.0573378020419 glove 
25 0 26 1 0.0309953236001 glove 
25 0 27 1 0.0257504276524 glove 
25 0 28 1 0.0282624283038 glove 
25 0 29 1 0.0961089058273 glove 
25 0 30 1 0.0433975236764 glove 
25 0 31 1 0.0545504887711 glove 
25 0 32 1 0.045590501991 glove 
25 0 33 1 0.0843239409712 glove 
25 0 34 1 0.0819583344855 glove 
25 0 35 1 0.0324307265954 glove 
25 0 36 1 0.0347554004847 glove 
25 0 37 1 0.0423959877688 glove 
25 0 38 1 0.0460821300101 glove 
25 0 39 1 0.0372500430855 glove 
25 0 40 1 0.0375744942437 glove 
25 0 41 1 0.0353846170709 glove 
25 0 42 1 0.0354129628126 glove 
25 0 43 1 0.0256580087908 glove 
25 0 44 1 0.0659663040099 glove 
26 0 0 1 0.193907177495 glove 
26 0 1 1 0.0434946101623 glove 
26 0 2 1 0.0563373059838 glove 
26 0 3 1 0.0472828152234 glove 
26 0 4 1 0.0294097721107 glove 
26 0 5 1 0.0445376939369 glove 
26 0 6 1 0.0334461255863 glove 
26 0 7 1 0.0495895944597 glove 
26 0 8 1 0.0473368026324 glove 
26 0 9 1 0.01566272756 glove 
26 0 10 1 0.0409389159436 glove 
26 0 11 1 0.0258019889836 glove 
26 0 12 1 0.0762049554 glove 
26 0 13 1 0.052287535663 glove 
26 0 14 1 0.0595608728013 glove 
26 0 15 1 0.0208383458034 glove 
26 0 16 1 0.0294239461775 glove 
26 0 17 1 0.0228572589623 glove 
26 0 18 1 0.0230790510378 glove 
26 0 19 1 0.0657584491683 glove 
26 0 20 1 0.018776232798 glove 
26 0 21 1 0.014885342094 glove 
26 0 22 1 0.0374295748648 glove 
26 0 23 1 0.0468159357381 glove 
26 0 24 1 0.0949142588159 glove 
26 0 25 1 0.0481807166798 glove 
26 0 26 1 0.0335134900936 glove 
26 0 27 1 0.0369100484819 glove 
26 0 28 1 0.27310769874 glove 
26 0 29 1 0.0340876486665 glove 
26 0 30 1 0.0205800732712 glove 
26 0 31 1 0.027542994761 glove 
26 0 32 1 0.02582680164 glove 
26 0 33 1 0.0187011839507 glove 
26 0 34 1 0.0219106101459 glove 
26 0 35 1 0.0297146049104 glove 
26 0 36 1 0.0356908724349 glove 
26 0 37 1 0.017524337901 glove 
26 0 38 1 0.033804803212 glove 
26 0 39 1 0.0222568684072 glove 
26 0 40 1 0.0929204516712 glove 
26 0 41 1 0.0339059772683 glove 
26 0 42 1 0.0253617054118 glove 
26 0 43 1 0.0450201227679 glove 
26 0 44 1 0.0645113364324 glove 
26 0 45 1 0.0266881152821 glove 
26 0 46 1 0.0200356482274 glove 
26 0 47 1 0.0389038923621 glove 
26 0 48 1 0.0391993002011 glove 
26 0 49 1 0.0357482099617 glove 
26 0 50 1 0.0321187026961 glove 
26 0 51 1 0.0227368177592 glove 
26 0 52 1 0.0332304965465 glove 
26 0 53 1 0.0222141599635 glove 
26 0 54 1 0.0849044896865 glove 
26 0 55 1 0.167296996611 glove 
26 0 56 1 0.178722604024 glove 
26 0 57 1 0.0369823743683 glove 
26 0 58 1 0.184405352208 glove 
26 0 59 1 0.0264740751162 glove 
26 0 60 1 0.0709898705075 glove 
26 0 61 1 0.0241371751377 glove 
26 0 62 1 0.0574449458751 glove 
26 0 63 1 0.0612250561771 glove 
26 0 64 1 0.0306058616107 glove 
26 0 65 1 0.0175789796652 glove 
26 0 66 1 0.0762869771862 glove 
26 0 67 1 0.0172906902643 glove 
26 0 68 1 0.0287045654936 glove 
26 0 69 1 0.0150706015421 glove 
26 0 70 1 0.015600891371 glove 
26 0 71 1 0.0238887216507 glove 
27 0 0 1 0.0310996049413 glove 
28 0 0 1 0.0358887644833 glove 
28 0 1 1 0.0284424865355 glove 
28 0 2 1 0.0982664326425 glove 
28 0 3 1 0.0270110205226 glove 
28 0 4 1 0.0252221454189 glove 
28 0 5 1 0.015671784979 glove 
29 0 0 1 0.61196862395 glove 
29 0 1 1 0.160616453858 glove 
29 0 2 1 0.0204205735866 glove 
29 0 3 1 0.016793757704 glove 
29 0 4 1 0.0267305668167 glove 
30 0 0 1 0.0877998210159 glove 
30 0 1 1 0.0495883102973 glove 
30 0 2 1 0.0524354332273 glove 
30 0 3 1 0.030106527208 glove 
30 0 4 1 0.0939380408571 glove 
31 0 0 1 0.0981202675508 glove 
31 0 1 1 0.101772539821 glove 
31 0 2 1 0.150778049319 glove 
31 0 3 1 0.249644242613 glove 
31 0 4 1 0.410954941162 glove 
31 0 5 1 0.2251967264 glove 
31 0 6 1 0.137406608551 glove 
31 0 7 1 0.0601465645239 glove 
31 0 8 1 0.128766592331 glove 
31 0 9 1 0.257362583376 glove 
31 0 10 1 0.0198340625544 glove 
31 0 11 1 0.0494632858684 glove 
31 0 12 1 0.0532830224551 glove 
31 0 13 1 0.0446984305908 glove 
31 0 14 1 0.0196517563176 glove 
31 0 15 1 0.0475765375865 glove 
31 0 16 1 0.0943342344547 glove 
31 0 17 1 0.0352186888531 glove 
31 0 18 1 0.0265136954611 glove 
31 0 19 1 0.0404677032028 glove 
31 0 20 1 0.103578530161 glove 
31 0 21 1 0.0996023597662 glove 
31 0 22 1 0.204598741434 glove 
32 0 0 1 0.138756666911 glove 
32 0 1 1 0.117290986108 glove 
32 0 2 1 0.1615254228 glove 
32 0 3 1 0.193811408244 glove 
32 0 4 1 0.218332036214 glove 
32 0 5 1 0.328294175898 glove 
32 0 6 1 0.167551004693 glove 
32 0 7 1 0.192351030243 glove 
32 0 8 1 0.299583092038 glove 
32 0 9 1 0.0390917612109 glove 
32 0 10 1 0.0667358069675 glove 
32 0 11 1 0.0223548614832 glove 
32 0 12 1 0.0920584506841 glove 
32 0 13 1 0.0689461230072 glove 
32 0 14 1 0.0210818784325 glove 
32 0 15 1 0.0980978612704 glove 
32 0 16 1 0.0243265445925 glove 
32 0 17 1 0.0254580294924 glove 
32 0 18 1 0.0348115851773 glove 
32 0 19 1 0.0245276063157 glove 
32 0 20 1 0.0287138050497 glove 
32 0 21 1 0.0861212576888 glove 
32 0 22 1 0.044312339052 glove 
32 0 23 1 0.0333618588984 glove 
32 0 24 1 0.0548379514183 glove 
32 0 25 1 0.0307261587794 glove 
32 0 26 1 0.0252138212179 glove 
32 0 27 1 0.187606481326 glove 
33 0 0 1 0.0888239068168 glove 
33 0 1 1 0.182771547475 glove 
33 0 2 1 0.0271264043189 glove 
33 0 3 1 0.0744971726987 glove 
33 0 4 1 0.0337482674699 glove 
33 0 5 1 0.124020923447 glove 
33 0 6 1 0.436674789375 glove 
33 0 7 1 0.104800450762 glove 
33 0 8 1 0.0850555541838 glove 
33 0 9 1 0.0353807138609 glove 
33 0 10 1 0.0620634735668 glove 
33 0 11 1 0.02960253898 glove 
33 0 12 1 0.0739192527159 glove 
33 0 13 1 0.0412276228362 glove 
33 0 14 1 0.0341415073576 glove 
33 0 15 1 0.566310173089 glove 
33 0 16 1 0.0688771306332 glove 
33 0 17 1 0.0748732790716 glove 
33 0 18 1 0.14731899159 glove 
33 0 19 1 0.306442376682 glove 
33 0 20 1 0.105278727628 glove 
33 0 21 1 0.12599799462 glove 
33 0 22 1 0.0896376665705 glove 
34 0 0 1 0.115158914665 glove 
34 0 1 1 0.179397861814 glove 
34 0 2 1 0.114274507675 glove 
34 0 3 1 0.111476045426 glove 
34 0 4 1 0.0565269774428 glove 
34 0 5 1 0.117576623171 glove 
34 0 6 1 0.0488551784107 glove 
34 0 7 1 0.0613738824851 glove 
34 0 8 1 0.132176236992 glove 
34 0 9 1 0.0490461795205 glove 
34 0 10 1 0.0879788484403 glove 
34 0 11 1 0.0758866809045 glove 
34 0 12 1 0.0862711931588 glove 
34 0 13 1 0.0818325106544 glove 
34 0 14 1 0.0548785371544 glove 
34 0 15 1 0.0712675511316 glove 
34 0 16 1 0.0678670035943 glove 
34 0 17 1 0.139797344544 glove 
34 0 18 1 0.0500034942609 glove 
34 0 19 1 0.0520731268904 glove 
34 0 20 1 0.0882568306054 glove 
34 0 21 1 0.175138278169 glove 
34 0 22 1 0.0473510872479 glove 
34 0 23 1 0.0456423879698 glove 
34 0 24 1 0.0304082444526 glove 
34 0 25 1 0.135062067629 glove 
34 0 26 1 0.0584120661765 glove 
34 0 27 1 0.0538804424976 glove 
34 0 28 1 0.0503186673771 glove 
34 0 29 1 0.062435629815 glove 
34 0 30 1 0.124614300612 glove 
34 0 31 1 0.0454996642389 glove 
34 0 32 1 0.0793000324587 glove 
34 0 33 1 0.0205868613474 glove 
34 0 34 1 0.0590467244882 glove 
34 0 35 1 0.0861260109981 glove 
34 0 36 1 0.0664663155862 glove 
34 0 37 1 0.0576377581825 glove 
34 0 38 1 0.101446652336 glove 
34 0 39 1 0.0733900125954 glove 
34 0 40 1 0.127541980236 glove 
34 0 41 1 0.0676792006093 glove 
34 0 42 1 0.140014209984 glove 
34 0 43 1 0.100375744357 glove 
34 0 44 1 0.0429225883724 glove 
34 0 45 1 0.0899621430663 glove 
35 0 0 1 0.14279720031 glove 
35 0 1 1 0.149968516883 glove 
35 0 2 1 0.0442805042335 glove 
35 0 3 1 0.0469101716631 glove 
35 0 4 1 0.042087330827 glove 
35 0 5 1 0.0932426669006 glove 
35 0 6 1 0.0270903676584 glove 
35 0 7 1 0.102693207449 glove 
35 0 8 1 0.0550700083378 glove 
35 0 9 1 0.0372799277706 glove 
35 0 10 1 0.123449592397 glove 
35 0 11 1 0.195772643897 glove 
35 0 12 1 0.118983261282 glove 
35 0 13 1 0.0352174434278 glove 
35 0 14 1 0.0399773155154 glove 
35 0 15 1 0.175638004931 glove 
35 0 16 1 0.138799976624 glove 
35 0 17 1 0.0659716483962 glove 
35 0 18 1 0.0865100032454 glove 
35 0 19 1 0.0601054168208 glove 
35 0 20 1 0.0664320255301 glove 
35 0 21 1 0.184214104684 glove 
35 0 22 1 0.0597470848621 glove 
37 0 0 1 0.128645314515 glove 
38 0 0 1 0.0683532164261 glove 
38 0 1 1 0.0693457579906 glove 
38 0 2 1 0.0397888337296 glove 
38 0 3 1 0.143076012171 glove 
38 0 4 1 0.0456235178171 glove 
38 0 5 1 0.0537807237418 glove 
38 0 6 1 0.0317281107788 glove 
38 0 7 1 0.480185893266 glove 
38 0 8 1 0.054978253012 glove 
38 0 9 1 0.0370027668689 glove 
38 0 10 1 0.0972697461887 glove 
38 0 11 1 0.0358732640906 glove 
38 0 12 1 0.0263834462876 glove 
38 0 13 1 0.0593670407895 glove 
38 0 14 1 0.065887666457 glove 
38 0 15 1 0.0526894478944 glove 
38 0 16 1 0.0391491146014 glove 
38 0 17 1 0.0437359191576 glove 
38 0 18 1 0.0498745676529 glove 
38 0 19 1 0.0344437572731 glove 
38 0 20 1 0.0353858884422 glove 
38 0 21 1 0.0432928392584 glove 
38 0 22 1 0.0271978078135 glove 
38 0 23 1 0.028858127948 glove 
39 0 0 1 0.276803416014 glove 
39 0 1 1 0.170524124264 glove 
39 0 2 1 0.0283015771916 glove 
39 0 3 1 0.0332857514628 glove 
39 0 4 1 0.0183032546018 glove 
39 0 5 1 0.0217084964103 glove 
39 0 6 1 0.0171398458786 glove 
39 0 7 1 0.0333768849672 glove 
39 0 8 1 0.0434357873207 glove 
39 0 9 1 0.017061457089 glove 
39 0 10 1 0.0299788699952 glove 
39 0 11 1 0.053617261986 glove 
39 0 12 1 0.0261281129305 glove 
39 0 13 1 0.0177041151841 glove 
39 0 14 1 0.0223823574506 glove 
40 0 0 1 0.0244575127593 glove 
41 0 0 1 0.0768194984747 glove 
41 0 1 1 0.0340290704952 glove 
41 0 2 1 0.0158157501785 glove 
42 0 0 1 0.181117050234 glove 
42 0 1 1 0.22984008831 glove 
42 0 2 1 0.375018936498 glove 
42 0 3 1 0.0810535481161 glove 
42 0 4 1 0.101602389647 glove 
42 0 5 1 0.101761348622 glove 
42 0 6 1 0.0845379802757 glove 
42 0 7 1 0.127603173152 glove 
42 0 8 1 0.293102662574 glove 
42 0 9 1 0.0884966129472 glove 
42 0 10 1 0.0845391507898 glove 
42 0 11 1 0.0390533577596 glove 
42 0 12 1 0.0164739589864 glove 
42 0 13 1 0.0235197532033 glove 
42 0 14 1 0.0473011856023 glove 
42 0 15 1 0.0505859244288 glove 
42 0 16 1 0.0354979359314 glove 
42 0 17 1 0.0369848014049 glove 
42 0 18 1 0.134118470504 glove 
42 0 19 1 0.0639939852705 glove 
42 0 20 1 0.0660024806434 glove 
42 0 21 1 0.0342504989782 glove 
43 0 0 1 0.141988806688 glove 
43 0 1 1 0.239971315705 glove 
43 0 2 1 0.191783668435 glove 
43 0 3 1 0.193158007507 glove 
43 0 4 1 0.14038153512 glove 
43 0 5 1 0.253099984501 glove 
43 0 6 1 0.203358109507 glove 
43 0 7 1 0.0384987719343 glove 
43 0 8 1 0.0834198654852 glove 
43 0 9 1 0.0411778416589 glove 
43 0 10 1 0.0268875185881 glove 
43 0 11 1 0.0417746448496 glove 
43 0 12 1 0.0323116476387 glove 
43 0 13 1 0.0424256012469 glove 
43 0 14 1 0.0200532030476 glove 
43 0 15 1 0.100330023388 glove 
44 0 0 1 0.10486131888 glove 
44 0 1 1 0.144056154353 glove 
44 0 2 1 0.0785963200936 glove 
44 0 3 1 0.116906755706 glove 
44 0 4 1 0.0497907021714 glove 
44 0 5 1 0.0440702197821 glove 
45 0 0 1 0.362667673878 glove 
45 0 1 1 0.0350374403854 glove 
45 0 2 1 0.126221284002 glove 
45 0 3 1 0.0334794244879 glove 
45 0 4 1 0.0452138040577 glove 
46 0 0 1 0.0349467903384 glove 
47 0 0 1 0.206725468667 glove 
47 0 1 1 0.217009239472 glove 
47 0 2 1 0.179251294066 glove 
47 0 3 1 0.149785356768 glove 
47 0 4 1 0.131472682791 glove 
47 0 5 1 0.121335421205 glove 
47 0 6 1 0.136716432918 glove 
47 0 7 1 0.122652923535 glove 
47 0 8 1 0.164038693355 glove 
47 0 9 1 0.250895176659 glove 
47 0 10 1 0.111720029807 glove 
47 0 11 1 0.070745277112 glove 
47 0 12 1 0.166287196105 glove 
47 0 13 1 0.175840739198 glove 
47 0 14 1 0.316380600174 glove 
47 0 15 1 0.0628358005357 glove 
47 0 16 1 0.107252166679 glove 
47 0 17 1 0.251848986659 glove 
47 0 18 1 0.0458798128586 glove 
47 0 19 1 0.138976718277 glove 
47 0 20 1 0.1184142426 glove 
47 0 21 1 0.189113356182 glove 
47 0 22 1 0.165453382049 glove 
47 0 23 1 0.0502667723452 glove 
47 0 24 1 0.0748300233538 glove 
47 0 25 1 0.0579793431505 glove 
47 0 26 1 0.0973471297473 glove 
47 0 27 1 0.168590135332 glove 
47 0 28 1 0.1590458802 glove 
47 0 29 1 0.0699820245313 glove 
47 0 30 1 0.137135296586 glove 
47 0 31 1 0.131970418192 glove 
47 0 32 1 0.106558244701 glove 
47 0 33 1 0.0718001147068 glove 
47 0 34 1 0.0922752410465 glove 
47 0 35 1 0.138894432642 glove 
47 0 36 1 0.08479547855 glove 
48 0 0 1 0.190356578671 glove 
48 0 1 1 0.154078317766 glove 
48 0 2 1 0.0406627703277 glove 
48 0 3 1 0.0328877417974 glove 
48 0 4 1 0.0460238884947 glove 
48 0 5 1 0.0388685191876 glove 
48 0 6 1 0.128671154312 glove 
49 0 0 1 0.047594300992 glove 
49 0 1 1 0.069009152624 glove 
49 0 2 1 0.0669477544919 glove 
49 0 3 1 0.114556543576 glove 
49 0 4 1 0.0923803009883 glove 
49 0 5 1 0.0462871511902 glove 
49 0 6 1 0.0616874425447 glove 
49 0 7 1 0.0304865227446 glove 
49 0 8 1 0.0244152680471 glove 
49 0 9 1 0.0484789661607 glove 
49 0 10 1 0.0922960440344 glove 
49 0 11 1 0.0293862944158 glove 
50 0 0 1 0.36827737511 glove 
50 0 1 1 0.155162514469 glove 
50 0 2 1 0.25482778762 glove 
50 0 3 1 0.174316082127 glove 
50 0 4 1 0.0507787234956 glove 
50 0 5 1 0.0352452211735 glove 
50 0 6 1 0.0312062093647 glove 
50 0 7 1 0.0368699542566 glove 
50 0 8 1 0.0748465630233 glove 
50 0 9 1 0.0537571308704 glove 
50 0 10 1 0.038928195703 glove 
50 0 11 1 0.0873352928165 glove 
50 0 12 1 0.0454107714329 glove 
50 0 13 1 0.0720750129243 glove 
50 0 14 1 0.0614800663862 glove 
50 0 15 1 0.0640223040004 glove 
50 0 16 1 0.0584275758673 glove 
50 0 17 1 0.0644602174246 glove 
50 0 18 1 0.0459724730615 glove 
50 0 19 1 0.0421085701605 glove 
50 0 20 1 0.0340700674555 glove 
50 0 21 1 0.0778112626677 glove 
50 0 22 1 0.0638505652877 glove 
50 0 23 1 0.0351465748785 glove 
50 0 24 1 0.0640812442842 glove 
50 0 25 1 0.0457796068623 glove 
50 0 26 1 0.0823129413028 glove 
50 0 27 1 0.0275850664779 glove 
50 0 28 1 0.0781316792375 glove 
50 0 29 1 0.0538321521474 glove 
50 0 30 1 0.0512011758513 glove 
50 0 31 1 0.0484502495921 glove 
50 0 32 1 0.0514423920962 glove 
50 0 33 1 0.0750328754504 glove 
50 0 34 1 0.0951448088096 glove 
50 0 35 1 0.0749802502127 glove 
50 0 36 1 0.0561063755396 glove 
50 0 37 1 0.0908998493468 glove 
50 0 38 1 0.186041664171 glove 
50 0 39 1 0.0423681186554 glove 
50 0 40 1 0.296412642973 glove 
50 0 41 1 0.0810052619905 glove 
50 0 42 1 0.0700975401577 glove 
50 0 43 1 0.0499663387581 glove 
50 0 44 1 0.136252670751 glove 
50 0 45 1 0.101178072781 glove 
50 0 46 1 0.232197787934 glove 
51 0 0 1 0.106053388683 glove 
51 0 1 1 0.197899935531 glove 
51 0 2 1 0.0801517698386 glove 
51 0 3 1 0.171254201925 glove 
51 0 4 1 0.0688927850945 glove 
51 0 5 1 0.0521880156575 glove 
51 0 6 1 0.096740909883 glove 
51 0 7 1 0.0621899860855 glove 
52 0 0 1 0.05998746246 glove 
52 0 1 1 0.0480258594816 glove 
53 0 0 1 0.167358553309 glove 
53 0 1 1 0.245130016844 glove 
53 0 2 1 0.533367673627 glove 
53 0 3 1 0.130286607776 glove 
53 0 4 1 0.0463329076077 glove 
53 0 5 1 0.0291347454828 glove 
53 0 6 1 0.115101018956 glove 
53 0 7 1 0.0320202361019 glove 
53 0 8 1 0.0315262563202 glove 
53 0 9 1 0.104712073671 glove 
53 0 10 1 0.0484009510943 glove 
53 0 11 1 0.0928548694983 glove 
54 0 0 1 0.0818288976814 glove 
54 0 1 1 0.0569665756109 glove 
54 0 2 1 0.0548157590343 glove 
54 0 3 1 0.114371354343 glove 
54 0 4 1 0.123129677162 glove 
54 0 5 1 0.283117067805 glove 
54 0 6 1 0.0535038513667 glove 
54 0 7 1 0.0925388670368 glove 
54 0 8 1 0.0713860626608 glove 
54 0 9 1 0.107592902918 glove 
54 0 10 1 0.054897158132 glove 
54 0 11 1 0.0290319926276 glove 
54 0 12 1 0.0784719686019 glove 
54 0 13 1 0.244509104149 glove 
54 0 14 1 0.0486387053006 glove 
55 0 0 1 0.305053010778 glove 
55 0 1 1 0.0323413193268 glove 
55 0 2 1 0.132307658138 glove 
55 0 3 1 0.0715271109737 glove 
55 0 4 1 0.044765807438 glove 
55 0 5 1 0.099842722628 glove 
55 0 6 1 0.0753446518012 glove 
55 0 7 1 0.0546048199126 glove 
55 0 8 1 0.280213236093 glove 
55 0 9 1 0.0963643332964 glove 
56 0 0 1 0.0442252113414 glove 
57 0 0 1 0.1570888566 glove 
57 0 1 1 0.0726719772807 glove 
57 0 2 1 0.111205836453 glove 
57 0 3 1 0.10749144257 glove 
57 0 4 1 0.0653785801705 glove 
58 0 0 1 0.137607653304 glove 
58 0 1 1 0.0542234617534 glove 
58 0 2 1 0.0697699861428 glove 
59 0 0 1 0.14701353022 glove 
59 0 1 1 0.0787184109458 glove 
59 0 2 1 0.0349876183115 glove 
59 0 3 1 0.0562552101695 glove 
59 0 4 1 0.206414598097 glove 
59 0 5 1 0.0340634233921 glove 
59 0 6 1 0.0192489971506 glove 
59 0 7 1 0.0275050274328 glove 
59 0 8 1 0.0179506839016 glove 
59 0 9 1 0.0261872442687 glove 
59 0 10 1 0.0429122768876 glove 
59 0 11 1 0.0415132983356 glove 
59 0 12 1 0.0313232247145 glove 
59 0 13 1 0.0247407119144 glove 
59 0 14 1 0.0199996482203 glove 
59 0 15 1 0.0324964969457 glove 
59 0 16 1 0.057416184695 glove 
59 0 17 1 0.0213514335215 glove 
59 0 18 1 0.0240731295732 glove 
59 0 19 1 0.0270973467427 glove 
59 0 20 1 0.0182982866357 glove 
59 0 21 1 0.0349581423465 glove 
59 0 22 1 0.0245473895395 glove 
59 0 23 1 0.0660816729711 glove 
59 0 24 1 0.0269459721613 glove 
59 0 25 1 0.0249277884324 glove 
59 0 26 1 0.0240684182432 glove 
60 0 0 1 0.0765926148874 glove 
60 0 1 1 0.0450040145542 glove 
60 0 2 1 0.0265789482957 glove 
60 0 3 1 0.0241664632153 glove 
60 0 4 1 0.0592111855178 glove 
60 0 5 1 0.017755400294 glove 
60 0 6 1 0.0243608809434 glove 
60 0 7 1 0.016774172654 glove 
60 0 8 1 0.0943329463116 glove 
61 0 0 1 0.0524985857525 glove 
61 0 1 1 0.067255515838 glove 
61 0 2 1 0.33770239891 glove 
61 0 3 1 0.0676796643305 glove 
61 0 4 1 0.099423245939 glove 
61 0 5 1 0.0464312760997 glove 
61 0 6 1 0.0784550430889 glove 
61 0 7 1 0.117193832351 glove 
61 0 8 1 0.0759870005675 glove 
61 0 9 1 0.0629527993305 glove 
61 0 10 1 0.0436676861023 glove 
62 0 0 1 0.0814993480653 glove 
62 0 1 1 0.0690525566924 glove 
62 0 2 1 0.280518401238 glove 
62 0 3 1 0.135902985934 glove 
62 0 4 1 0.0355993017429 glove 
62 0 5 1 0.0447478078155 glove 
62 0 6 1 0.0536000877132 glove 
62 0 7 1 0.0771463164873 glove 
62 0 8 1 0.148115380535 glove 
62 0 9 1 0.0401119124841 glove 
62 0 10 1 0.110105637664 glove 
62 0 11 1 0.0908213179794 glove 
62 0 12 1 0.0740533516421 glove 
62 0 13 1 0.106507730226 glove 
62 0 14 1 0.0433551843799 glove 
62 0 15 1 0.126530479116 glove 
62 0 16 1 0.0997416351151 glove 
63 0 0 1 0.135277230037 glove 
63 0 1 1 0.127059471124 glove 
63 0 2 1 0.0306704451175 glove 
63 0 3 1 0.21393604628 glove 
63 0 4 1 0.0742589155753 glove 
63 0 5 1 0.18727145704 glove 
63 0 6 1 0.202175746631 glove 
63 0 7 1 0.0453653692465 glove 
63 0 8 1 0.0359673738245 glove 
63 0 9 1 0.0449748529965 glove 
63 0 10 1 0.043561794696 glove 
63 0 11 1 0.0297469422214 glove 
63 0 12 1 0.0896451336737 glove 
63 0 13 1 0.108792244299 glove 
63 0 14 1 0.167595752522 glove 
63 0 15 1 0.0410399097548 glove 
63 0 16 1 0.121401012076 glove 
63 0 17 1 0.0324499185893 glove 
63 0 18 1 0.0595487499961 glove 
63 0 19 1 0.0777567932023 glove 
63 0 20 1 0.0403932562526 glove 
63 0 21 1 0.039224112483 glove 
63 0 22 1 0.0528427660523 glove 
63 0 23 1 0.0939867540675 glove 
63 0 24 1 0.0879600819304 glove 
63 0 25 1 0.0434902006622 glove 
63 0 26 1 0.0190689211426 glove 
63 0 27 1 0.0330926338826 glove 
63 0 28 1 0.0916623877722 glove 
63 0 29 1 0.0401207327628 glove 
63 0 30 1 0.0252617367509 glove 
63 0 31 1 0.0310262740194 glove 
63 0 32 1 0.0437764829534 glove 
63 0 33 1 0.13153797282 glove 
63 0 34 1 0.0279980486535 glove 
63 0 35 1 0.0628719754359 glove 
63 0 36 1 0.0622734991389 glove 
63 0 37 1 0.030345839922 glove 
63 0 38 1 0.0207737095726 glove 
63 0 39 1 0.0969864882453 glove 
63 0 40 1 0.0804837102464 glove 
63 0 41 1 0.0328096469849 glove 
63 0 42 1 0.0575680332908 glove 
63 0 43 1 0.0574045612751 glove 
63 0 44 1 0.0648720987843 glove 
63 0 45 1 0.050365744107 glove 
63 0 46 1 0.0861997054448 glove 
63 0 47 1 0.0823653463048 glove 
63 0 48 1 0.0454807840779 glove 
63 0 49 1 0.109990632525 glove 
63 0 50 1 0.0581819367442 glove 
63 0 51 1 0.0456117591212 glove 
63 0 52 1 0.0791942827401 glove 
63 0 53 1 0.0857667195417 glove 
63 0 54 1 0.0455954510566 glove 
63 0 55 1 0.0310353066311 glove 
63 0 56 1 0.0244748925714 glove 
63 0 57 1 0.267576595934 glove 
63 0 58 1 0.0556328882808 glove 
63 0 59 1 0.0468197810027 glove 
63 0 60 1 0.0208528245012 glove 
63 0 61 1 0.0254441652486 glove 
63 0 62 1 0.0364416409317 glove 
63 0 63 1 0.0659025129033 glove 
63 0 64 1 0.133507637214 glove 
63 0 65 1 0.0903749391427 glove 
63 0 66 1 0.0411095265128 glove 
63 0 67 1 0.0594539584417 glove 
63 0 68 1 0.0404467598694 glove 
63 0 69 1 0.0646934276298 glove 
63 0 70 1 0.0312060257835 glove 
63 0 71 1 0.0476962176959 glove 
63 0 72 1 0.0542264019563 glove 
63 0 73 1 0.041821854835 glove 
63 0 74 1 0.0806860629822 glove 
63 0 75 1 0.066972215721 glove 
63 0 76 1 0.0421482358696 glove 
63 0 77 1 0.0191603962305 glove 
63 0 78 1 0.0362542226044 glove 
63 0 79 1 0.0337701339321 glove 
63 0 80 1 0.0656168881018 glove 
63 0 81 1 0.0292258970755 glove 
63 0 82 1 0.127161311705 glove 
63 0 83 1 0.0348615553254 glove 
63 0 84 1 0.0228721711836 glove 
63 0 85 1 0.0407913501938 glove 
63 0 86 1 0.0975031268961 glove 
63 0 87 1 0.0833980261273 glove 
63 0 88 1 0.0370118090178 glove 
63 0 89 1 0.0624286908835 glove 
63 0 90 1 0.0240632088987 glove 
63 0 91 1 0.082679442391 glove 
63 0 92 1 0.0293497697747 glove 
63 0 93 1 0.0532605594366 glove 
63 0 94 1 0.0541586931544 glove 
63 0 95 1 0.0390064007039 glove 
63 0 96 1 0.0595482633476 glove 
63 0 97 1 0.0425169309292 glove 
63 0 98 1 0.020778906239 glove 
63 0 99 1 0.0388784183541 glove 
63 0 100 1 0.0358363085794 glove 
63 0 101 1 0.0392895088706 glove 
63 0 102 1 0.0388556175295 glove 
63 0 103 1 0.0341567349762 glove 
63 0 104 1 0.0288672150092 glove 
63 0 105 1 0.0296983363593 glove 
63 0 106 1 0.0358894545237 glove 
63 0 107 1 0.0492710939571 glove 
63 0 108 1 0.026297034159 glove 
63 0 109 1 0.0195386977031 glove 
63 0 110 1 0.0194970398749 glove 
64 0 0 1 0.352490987945 glove 
64 0 1 1 0.333624133999 glove 
64 0 2 1 0.229603308327 glove 
64 0 3 1 0.0638614802585 glove 
64 0 4 1 0.0462043966511 glove 
64 0 5 1 0.168622995106 glove 
64 0 6 1 0.0323420120958 glove 
64 0 7 1 0.0259991422373 glove 
64 0 8 1 0.490967073771 glove 
64 0 9 1 0.088947651328 glove 
64 0 10 1 0.0351043357537 glove 
64 0 11 1 0.0623811638426 glove 
64 0 12 1 0.122726123792 glove 
64 0 13 1 0.203241606262 glove 
64 0 14 1 0.151281372518 glove 
64 0 15 1 0.217375645897 glove 
64 0 16 1 0.125722769193 glove 
64 0 17 1 0.288912865824 glove 
64 0 18 1 0.373291766337 glove 
64 0 19 1 0.0813174223432 glove 
64 0 20 1 0.250694975302 glove 
64 0 21 1 0.0989998226869 glove 
64 0 22 1 0.147265294331 glove 
64 0 23 1 0.370614719852 glove 
64 0 24 1 0.0441711389019 glove 
64 0 25 1 0.0582269170675 glove 
64 0 26 1 0.067224025717 glove 
65 0 0 1 0.119810476285 glove 
65 0 1 1 0.22052160795 glove 
65 0 2 1 0.0608793692011 glove 
66 0 0 1 0.160694911867 glove 
66 0 1 1 0.0938877163971 glove 
66 0 2 1 0.0445930831629 glove 
66 0 3 1 0.0421219709136 glove 
66 0 4 1 0.0565603113774 glove 
66 0 5 1 0.0303247121325 glove 
66 0 6 1 0.0270666418286 glove 
66 0 7 1 0.0585303469204 glove 
66 0 8 1 0.0315814437716 glove 
66 0 9 1 0.0485695255937 glove 
66 0 10 1 0.11012760319 glove 
66 0 11 1 0.100150119229 glove 
66 0 12 1 0.0288713921946 glove 
66 0 13 1 0.121608137961 glove 
66 0 14 1 0.080960877075 glove 
66 0 15 1 0.0531441916001 glove 
66 0 16 1 0.0364983644341 glove 
66 0 17 1 0.0226379664728 glove 
66 0 18 1 0.0258906354548 glove 
66 0 19 1 0.0314652804908 glove 
66 0 20 1 0.0407783230367 glove 
66 0 21 1 0.0329335158574 glove 
66 0 22 1 0.0518559839986 glove 
66 0 23 1 0.032515235476 glove 
66 0 24 1 0.0220213820094 glove 
66 0 25 1 0.0602002487542 glove 
66 0 26 1 0.0266464633278 glove 
66 0 27 1 0.0355499674277 glove 
66 0 28 1 0.0204248077484 glove 
66 0 29 1 0.0372419875535 glove 
66 0 30 1 0.0234542161798 glove 
66 0 31 1 0.0597602511063 glove 
66 0 32 1 0.0587737094749 glove 
66 0 33 1 0.0345452472271 glove 
66 0 34 1 0.0658650829145 glove 
67 0 0 1 0.224675357642 glove 
67 0 1 1 0.0470278956749 glove 
67 0 2 1 0.0703856518758 glove 
67 0 3 1 0.030689868245 glove 
67 0 4 1 0.0525180863077 glove 
67 0 5 1 0.0779773775538 glove 
67 0 6 1 0.128616003539 glove 
67 0 7 1 0.0841072523289 glove 
67 0 8 1 0.0789918997903 glove 
67 0 9 1 0.0233679169021 glove 
67 0 10 1 0.0733037189237 glove 
67 0 11 1 0.0478505643346 glove 
67 0 12 1 0.18730651863 glove 
67 0 13 1 0.070967382684 glove 
67 0 14 1 0.0683010009129 glove 
67 0 15 1 0.0339507522308 glove 
67 0 16 1 0.0726035826693 glove 
67 0 17 1 0.0513632354723 glove 
67 0 18 1 0.054326822036 glove 
67 0 19 1 0.046716465224 glove 
67 0 20 1 0.0529845250596 glove 
67 0 21 1 0.156855050374 glove 
67 0 22 1 0.0841679433067 glove 
67 0 23 1 0.0487122747048 glove 
68 0 0 1 0.147540440507 glove 
68 0 1 1 0.185630687679 glove 
68 0 2 1 0.055737610403 glove 
68 0 3 1 0.0871696923004 glove 
68 0 4 1 0.175109650446 glove 
68 0 5 1 0.0835258716849 glove 
68 0 6 1 0.0671028900453 glove 
68 0 7 1 0.0920248953171 glove 
68 0 8 1 0.0814048118754 glove 
68 0 9 1 0.0849479163076 glove 
68 0 10 1 0.0600167919142 glove 
68 0 11 1 0.118187611626 glove 
68 0 12 1 0.202292115303 glove 
68 0 13 1 0.0421241534926 glove 
68 0 14 1 0.0369342821884 glove 
68 0 15 1 0.0447255682736 glove 
68 0 16 1 0.170707522564 glove 
68 0 17 1 0.0422327852352 glove 
68 0 18 1 0.0307000652728 glove 
68 0 19 1 0.0810596018103 glove 
68 0 20 1 0.0422798070688 glove 
68 0 21 1 0.0634986825663 glove 
68 0 22 1 0.0488041819884 glove 
68 0 23 1 0.0592355431948 glove 
68 0 24 1 0.125031062577 glove 
68 0 25 1 0.0407233074166 glove 
68 0 26 1 0.0358043972864 glove 
68 0 27 1 0.0273143078314 glove 
68 0 28 1 0.0540833840821 glove 
68 0 29 1 0.0631812676107 glove 
69 0 0 1 0.0655940301499 glove 
69 0 1 1 0.0239265331072 glove 
69 0 2 1 0.0383515605216 glove 
70 0 0 1 0.0241963865521 glove 
71 0 0 1 0.0782735606645 glove 
71 0 1 1 0.118291395891 glove 
71 0 2 1 0.102983204939 glove 
71 0 3 1 0.207923309707 glove 
71 0 4 1 0.0697220067797 glove 
72 0 0 1 0.0964193935572 glove 
72 0 1 1 0.115742528154 glove 
72 0 2 1 0.242310431905 glove 
72 0 3 1 0.0387435878751 glove 
72 0 4 1 0.292095324262 glove 
72 0 5 1 0.099504685361 glove 
72 0 6 1 0.0766491492566 glove 
72 0 7 1 0.321850703052 glove 
72 0 8 1 0.0599126457536 glove 
72 0 9 1 0.0406313852482 glove 
72 0 10 1 0.0299368059413 glove 
72 0 11 1 0.0465736657558 glove 
72 0 12 1 0.0706745717723 glove 
72 0 13 1 0.0238045182721 glove 
72 0 14 1 0.134495309792 glove 
72 0 15 1 0.0467377476286 glove 
72 0 16 1 0.0325982682028 glove 
72 0 17 1 0.0261630645287 glove 
72 0 18 1 0.0268507810647 glove 
72 0 19 1 0.171507928905 glove 
72 0 20 1 0.0545942398045 glove 
72 0 21 1 0.591078993681 glove 
72 0 22 1 0.149040886724 glove 
73 0 0 1 0.07308006286 glove 
73 0 1 1 0.0501476263327 glove 
73 0 2 1 0.0179050535581 glove 
73 0 3 1 0.0296468721914 glove 
73 0 4 1 0.0231407607876 glove 
73 0 5 1 0.178234281488 glove 
73 0 6 1 0.0492457745176 glove 
74 0 0 1 0.0534140695059 glove 
75 0 0 1 0.0356359466806 glove 
75 0 1 1 0.0330252989273 glove 
75 0 2 1 0.032733702366 glove 
75 0 3 1 0.0368485327031 glove 
75 0 4 1 0.0430846032343 glove 
75 0 5 1 0.0248519485205 glove 
75 0 6 1 0.0316285412857 glove 
75 0 7 1 0.0219209129299 glove 
75 0 8 1 0.0202712286823 glove 
75 0 9 1 0.0322250665485 glove 
75 0 10 1 0.0403026046845 glove 
75 0 11 1 0.015476082623 glove 
75 0 12 1 0.0191032300384 glove 
75 0 13 1 0.0183376551881 glove 
75 0 14 1 0.0313420318356 glove 
75 0 15 1 0.0194048674571 glove 
75 0 16 1 0.0218583609583 glove 
75 0 17 1 0.0154588984353 glove 
75 0 18 1 0.0223309916395 glove 
75 0 19 1 0.0441241747413 glove 
75 0 20 1 0.110642153141 glove 
75 0 21 1 0.0197386942925 glove 
75 0 22 1 0.0157370719918 glove 
75 0 23 1 0.0514054401951 glove 
75 0 24 1 0.0250407407241 glove 
75 0 25 1 0.0237702161791 glove 
75 0 26 1 0.0237175539806 glove 
75 0 27 1 0.0222378929835 glove 
75 0 28 1 0.0151848686417 glove 
75 0 29 1 0.0233369228668 glove 
75 0 30 1 0.0449578878245 glove 
75 0 31 1 0.0299180739782 glove 
75 0 32 1 0.0286786664845 glove 
75 0 33 1 0.0229701697691 glove 
75 0 34 1 0.0162567170353 glove 
75 0 35 1 0.0210306493956 glove 
75 0 36 1 0.0199528198718 glove 
76 0 0 1 0.0428071658512 glove 
76 0 1 1 0.101104925947 glove 
76 0 2 1 0.0532976602085 glove 
76 0 3 1 0.0675120330924 glove 
76 0 4 1 0.18919119025 glove 
76 0 5 1 0.0259707661018 glove 
76 0 6 1 0.0406395403921 glove 
76 0 7 1 0.0819814818963 glove 
76 0 8 1 0.049129293929 glove 
76 0 9 1 0.169164549204 glove 
76 0 10 1 0.0542397556242 glove 
76 0 11 1 0.0377481763448 glove 
76 0 12 1 0.0383451256195 glove 
76 0 13 1 0.0658678074282 glove 
76 0 14 1 0.139915119994 glove 
76 0 15 1 0.0259183932485 glove 
76 0 16 1 0.0458647470336 glove 
76 0 17 1 0.0392319222029 glove 
76 0 18 1 0.0391137831244 glove 
76 0 19 1 0.0495595644214 glove 
76 0 20 1 0.0887461860393 glove 
77 0 0 1 0.0554755777347 glove 
77 0 1 1 0.0227939665006 glove 
78 0 0 1 0.0548098919792 glove 
79 0 0 1 0.0617958264293 glove 
79 0 1 1 0.0363538326952 glove 
79 0 2 1 0.075354275205 glove 
79 0 3 1 0.120923568343 glove 
79 0 4 1 0.0352627156078 glove 
79 0 5 1 0.0284462310712 glove 
79 0 6 1 0.0380738061766 glove 
79 0 7 1 0.0158831340956 glove 
79 0 8 1 0.0256520423445 glove 
79 0 9 1 0.0432198391956 glove 
79 0 10 1 0.0612168311236 glove 
79 0 11 1 0.0205835856519 glove 
79 0 12 1 0.0279105200132 glove 
79 0 13 1 0.0336549438843 glove 
79 0 14 1 0.0455845149344 glove 
79 0 15 1 0.025813249094 glove 
79 0 16 1 0.0253748744317 glove 
79 0 17 1 0.019497871501 glove 
79 0 18 1 0.0357972576839 glove 
79 0 19 1 0.0420319855435 glove 
80 0 0 1 0.0463271793182 glove 
80 0 1 1 0.0724223403563 glove 
80 0 2 1 0.0502285354052 glove 
80 0 3 1 0.0769741851499 glove 
80 0 4 1 0.0389194577094 glove 
80 0 5 1 0.0761690466669 glove 
80 0 6 1 0.0253579322723 glove 
80 0 7 1 0.031299908864 glove 
80 0 8 1 0.0284515007021 glove 
80 0 9 1 0.0304404217966 glove 
80 0 10 1 0.0235197794695 glove 
80 0 11 1 0.0183588629784 glove 
80 0 12 1 0.03298883164 glove 
80 0 13 1 0.0186330269515 glove 
80 0 14 1 0.0338775752145 glove 
80 0 15 1 0.0266396243592 glove 
80 0 16 1 0.0455147665554 glove 
80 0 17 1 0.0394996929949 glove 
80 0 18 1 0.0211190872556 glove 
80 0 19 1 0.0286396492657 glove 
80 0 20 1 0.0383497616057 glove 
80 0 21 1 0.0250719116507 glove 
80 0 22 1 0.0217114024518 glove 
80 0 23 1 0.0292603250842 glove 
80 0 24 1 0.019258575679 glove 
80 0 25 1 0.0250071252784 glove 
80 0 26 1 0.0227052128494 glove 
80 0 27 1 0.0321292260334 glove 
80 0 28 1 0.021937692833 glove 
80 0 29 1 0.0607072320045 glove 
80 0 30 1 0.022559146649 glove 
81 0 0 1 0.0379790472156 glove 
82 0 0 1 0.0249697295819 glove 
82 0 1 1 0.0752652614001 glove 
82 0 2 1 0.0480055121692 glove 
82 0 3 1 0.0313601325317 glove 
83 0 0 1 0.0476162088536 glove 
83 0 1 1 0.0729683750992 glove 
83 0 2 1 0.0471533403649 glove 
83 0 3 1 0.0566163466024 glove 
83 0 4 1 0.0549563941363 glove 
83 0 5 1 0.046971313532 glove 
83 0 6 1 0.0579354262605 glove 
83 0 7 1 0.0535194703721 glove 
83 0 8 1 0.0572079089561 glove 
83 0 9 1 0.0402078214083 glove 
83 0 10 1 0.0421589410471 glove 
83 0 11 1 0.0331258194313 glove 
83 0 12 1 0.0547019383432 glove 
83 0 13 1 0.0801958862025 glove 
83 0 14 1 0.0541303195098 glove 
83 0 15 1 0.13038578304 glove 
83 0 16 1 0.0864025183869 glove 
83 0 17 1 0.0472186864504 glove 
83 0 18 1 0.0565148564087 glove 
83 0 19 1 0.0352521576278 glove 
83 0 20 1 0.034319405771 glove 
84 0 0 1 0.0208708476774 glove 
85 0 0 1 0.387144866042 glove 
85 0 1 1 0.097187878969 glove 
85 0 2 1 0.0482915885052 glove 
85 0 3 1 0.0667869730806 glove 
85 0 4 1 0.032291577749 glove 
85 0 5 1 0.0783208149187 glove 
85 0 6 1 0.0809520734324 glove 
85 0 7 1 0.0856418304524 glove 
85 0 8 1 0.0239131111145 glove 
85 0 9 1 0.174407351725 glove 
85 0 10 1 0.0336190848125 glove 
85 0 11 1 0.253430679826 glove 
85 0 12 1 0.118121781088 glove 
85 0 13 1 0.310809568188 glove 
86 0 0 1 0.210700027381 glove 
86 0 1 1 0.520861396201 glove 
86 0 2 1 0.172718821471 glove 
86 0 3 1 0.529456285558 glove 
86 0 4 1 0.0660618739626 glove 
87 0 0 1 0.0326913133334 glove 
88 0 0 1 0.0991961264762 glove 
88 0 1 1 0.051143685431 glove 
88 0 2 1 0.0682081752048 glove 
88 0 3 1 0.0550946091674 glove 
88 0 4 1 0.0226770872624 glove 
88 0 5 1 0.0336507899015 glove 
88 0 6 1 0.0379078541259 glove 
88 0 7 1 0.0360039276751 glove 
88 0 8 1 0.0246233738934 glove 
88 0 9 1 0.052504359716 glove 
88 0 10 1 0.0219138315679 glove 
89 0 0 1 0.0211232674676 glove 
90 0 0 1 0.050975815908 glove 
90 0 1 1 0.0426065134796 glove 
91 0 0 1 0.0509779943475 glove 
91 0 1 1 0.0301560261261 glove 
91 0 2 1 0.0452593316303 glove 
91 0 3 1 0.232461793747 glove 
91 0 4 1 0.145156140391 glove 
91 0 5 1 0.0488863094619 glove 
91 0 6 1 0.0804200980117 glove 
91 0 7 1 0.0359798969093 glove 
91 0 8 1 0.0570324158847 glove 
91 0 9 1 0.0424241348695 glove 
91 0 10 1 0.0570377427648 glove 
92 0 0 1 0.0540000856193 glove 
92 0 1 1 0.0740184217756 glove 
94 0 0 1 0.0307712469549 glove 
95 0 0 1 0.0634866183398 glove 
95 0 1 1 0.130595118695 glove 
95 0 2 1 0.0272424848445 glove 
95 0 3 1 0.0334517642576 glove 
95 0 4 1 0.0361421767322 glove 
95 0 5 1 0.0508498531117 glove 
95 0 6 1 0.031455725411 glove 
95 0 7 1 0.0401369878293 glove 
95 0 8 1 0.0628843194932 glove 
95 0 9 1 0.0179201030294 glove 
96 0 0 1 0.165385548032 glove 
96 0 1 1 0.128221088927 glove 
96 0 2 1 0.0923638609582 glove 
96 0 3 1 0.0650860191985 glove 
96 0 4 1 0.0581478007019 glove 
96 0 5 1 0.0229019039155 glove 
96 0 6 1 0.0265316893665 glove 
96 0 7 1 0.0603635133303 glove 
96 0 8 1 0.0217446842688 glove 
96 0 9 1 0.0277914813291 glove 
96 0 10 1 0.0179164494316 glove 
97 0 0 1 0.215496975122 glove 
97 0 1 1 0.226468469171 glove 
97 0 2 1 0.276108209303 glove 
97 0 3 1 0.0894902103121 glove 
97 0 4 1 0.188383182376 glove 
97 0 5 1 0.0849082965326 glove 
97 0 6 1 0.0514730960737 glove 
97 0 7 1 0.18741802479 glove 
97 0 8 1 0.0605792200215 glove 
97 0 9 1 0.107099756484 glove 
97 0 10 1 0.0399463732956 glove 
97 0 11 1 0.0240158577041 glove 
97 0 12 1 0.0608316862284 glove 
97 0 13 1 0.137953258209 glove 
97 0 14 1 0.027769157591 glove 
97 0 15 1 0.0797077103767 glove 
97 0 16 1 0.0574111632453 glove 
97 0 17 1 0.0394333183858 glove 
97 0 18 1 0.0931794363703 glove 
97 0 19 1 0.0538984299822 glove 
97 0 20 1 0.0207937130555 glove 
97 0 21 1 0.0417325733645 glove 
97 0 22 1 0.0309626519354 glove 
97 0 23 1 0.0584186670445 glove 
97 0 24 1 0.0229053903172 glove 
97 0 25 1 0.0537483180617 glove 
97 0 26 1 0.316397643482 glove 
97 0 27 1 0.0857036445498 glove 
97 0 28 1 0.0178950794465 glove 
97 0 29 1 0.033805521782 glove 
97 0 30 1 0.0319581642153 glove 
97 0 31 1 0.0536708971538 glove 
97 0 32 1 0.0458626235521 glove 
97 0 33 1 0.0886464287553 glove 
97 0 34 1 0.0599149841874 glove 
97 0 35 1 0.0436224306553 glove 
97 0 36 1 0.0899666283553 glove 
97 0 37 1 0.0892952269534 glove 
97 0 38 1 0.0413732342248 glove 
97 0 39 1 0.114154067413 glove 
97 0 40 1 0.0455208408674 glove 
97 0 41 1 0.0502835853855 glove 
97 0 42 1 0.0309527895993 glove 
97 0 43 1 0.0309144516034 glove 
97 0 44 1 0.10218831043 glove 
97 0 45 1 0.0729150822732 glove 
97 0 46 1 0.033898762042 glove 
97 0 47 1 0.0608433395181 glove 
97 0 48 1 0.0978945605415 glove 
97 0 49 1 0.0310838141409 glove 
97 0 50 1 0.0371293128659 glove 
97 0 51 1 0.024767594118 glove 
97 0 52 1 0.0211871388193 glove 
97 0 53 1 0.021718652628 glove 
97 0 54 1 0.0209649573682 glove 
97 0 55 1 0.0202882760461 glove 
97 0 56 1 0.0932541935805 glove 
97 0 57 1 0.0392528254063 glove 
97 0 58 1 0.0516880544206 glove 
97 0 59 1 0.070960099027 glove 
97 0 60 1 0.0336528136648 glove 
97 0 61 1 0.0465966284894 glove 
97 0 62 1 0.0322690766807 glove 
97 0 63 1 0.0267157783087 glove 
97 0 64 1 0.0242567833082 glove 
97 0 65 1 0.0299097906262 glove 
97 0 66 1 0.0182359035405 glove 
97 0 67 1 0.0447180842554 glove 
97 0 68 1 0.124693850205 glove 
97 0 69 1 0.0534486173981 glove 
97 0 70 1 0.016244557543 glove 
97 0 71 1 0.0412315577038 glove 
97 0 72 1 0.0261488899612 glove 
97 0 73 1 0.0892737638665 glove 
97 0 74 1 0.054313929137 glove 
97 0 75 1 0.0227010946622 glove 
97 0 76 1 0.0389114486928 glove 
97 0 77 1 0.092943586093 glove 
97 0 78 1 0.0903052951646 glove 
97 0 79 1 0.0530305405174 glove 
97 0 80 1 0.0763797808706 glove 
97 0 81 1 0.0499966717549 glove 
97 0 82 1 0.0296483394701 glove 
97 0 83 1 0.0243436021605 glove 
97 0 84 1 0.0265741146618 glove 
97 0 85 1 0.0185349672191 glove 
98 0 0 1 0.189247645712 glove 
98 0 1 1 0.121035977253 glove 
98 0 2 1 0.0563706539833 glove 
98 0 3 1 0.100282528179 glove 
98 0 4 1 0.0875925687944 glove 
98 0 5 1 0.0887344337183 glove 
98 0 6 1 0.161453682756 glove 
98 0 7 1 0.0190425226844 glove 
98 0 8 1 0.0311891877266 glove 
98 0 9 1 0.170547859774 glove 
98 0 10 1 0.0150883007759 glove 
98 0 11 1 0.131583538176 glove 
98 0 12 1 0.0300980685399 glove 
98 0 13 1 0.0294298727617 glove 
98 0 14 1 0.0309357257214 glove 
98 0 15 1 0.0871553949972 glove 
98 0 16 1 0.0239149992102 glove 
98 0 17 1 0.090499192374 glove 
98 0 18 1 0.016379215115 glove 
98 0 19 1 0.0379273727376 glove 
98 0 20 1 0.0610324280946 glove 
98 0 21 1 0.036400242813 glove 
98 0 22 1 0.036360069951 glove 
98 0 23 1 0.0332653619242 glove 
99 0 0 1 0.170909586111 glove 
99 0 1 1 0.0866957683162 glove 
99 0 2 1 0.0844207395661 glove 
99 0 3 1 0.043849099522 glove 
99 0 4 1 0.515168299444 glove 
99 0 5 1 0.0495407973978 glove 
99 0 6 1 0.0313032776039 glove 
99 0 7 1 0.0232796484079 glove 
99 0 8 1 0.0183402488002 glove 
99 0 9 1 0.0284617812336 glove 
99 0 10 1 0.0229624324654 glove 
99 0 11 1 0.0378088771755 glove 
99 0 12 1 0.0262782581996 glove 
99 0 13 1 0.0364649315147 glove 
