2.870000000000000000e+02
1.550000000000000000e+02
1.100000000000000000e+01
1.160000000000000000e+02
3.340000000000000000e+02
4.190000000000000000e+02
1.000000000000000000e+02
8.300000000000000000e+01
2.300000000000000000e+01
3.200000000000000000e+01
5.400000000000000000e+01
8.300000000000000000e+01
5.400000000000000000e+01
1.820000000000000000e+02
4.670000000000000000e+02
6.700000000000000000e+01
1.030000000000000000e+02
1.420000000000000000e+02
1.040000000000000000e+02
3.640000000000000000e+02
9.910000000000000000e+02
1.200000000000000000e+02
3.390000000000000000e+02
1.050000000000000000e+02
4.700000000000000000e+01
4.960000000000000000e+02
1.800000000000000000e+01
2.100000000000000000e+02
9.200000000000000000e+01
1.700000000000000000e+02
6.280000000000000000e+02
2.800000000000000000e+01
5.800000000000000000e+01
4.610000000000000000e+02
5.040000000000000000e+02
3.920000000000000000e+02
2.660000000000000000e+02
8.600000000000000000e+01
2.660000000000000000e+02
9.200000000000000000e+01
1.560000000000000000e+02
3.040000000000000000e+02
8.400000000000000000e+01
1.900000000000000000e+01
2.500000000000000000e+01
3.470000000000000000e+02
1.140000000000000000e+02
1.510000000000000000e+02
3.280000000000000000e+02
6.400000000000000000e+01
8.900000000000000000e+01
2.800000000000000000e+01
2.830000000000000000e+02
3.000000000000000000e+00
4.600000000000000000e+01
2.010000000000000000e+02
1.050000000000000000e+02
4.520000000000000000e+02
4.930000000000000000e+02
5.800000000000000000e+01
2.410000000000000000e+02
4.700000000000000000e+01
1.760000000000000000e+02
3.680000000000000000e+02
3.740000000000000000e+02
1.560000000000000000e+02
4.970000000000000000e+02
7.800000000000000000e+01
3.100000000000000000e+01
5.600000000000000000e+01
2.700000000000000000e+01
2.900000000000000000e+01
3.000000000000000000e+01
5.680000000000000000e+02
3.200000000000000000e+01
7.500000000000000000e+01
3.600000000000000000e+01
5.960000000000000000e+02
9.000000000000000000e+00
2.640000000000000000e+02
1.520000000000000000e+02
8.940000000000000000e+02
3.080000000000000000e+02
5.900000000000000000e+01
7.370000000000000000e+02
1.250000000000000000e+02
1.050000000000000000e+02
3.100000000000000000e+01
9.200000000000000000e+01
5.670000000000000000e+02
1.890000000000000000e+02
2.500000000000000000e+01
2.440000000000000000e+02
6.750000000000000000e+02
1.610000000000000000e+02
4.100000000000000000e+01
3.770000000000000000e+02
1.530000000000000000e+02
2.470000000000000000e+02
6.440000000000000000e+02
3.970000000000000000e+02
2.330000000000000000e+02
2.150000000000000000e+02
2.580000000000000000e+02
2.340000000000000000e+02
1.010000000000000000e+02
1.840000000000000000e+02
3.200000000000000000e+01
2.300000000000000000e+02
5.900000000000000000e+01
3.420000000000000000e+02
7.900000000000000000e+01
3.880000000000000000e+02
8.350000000000000000e+02
1.090000000000000000e+02
4.200000000000000000e+01
2.500000000000000000e+01
5.000000000000000000e+00
3.680000000000000000e+02
1.330000000000000000e+02
3.090000000000000000e+02
1.540000000000000000e+02
1.050000000000000000e+02
2.500000000000000000e+01
3.100000000000000000e+01
4.470000000000000000e+02
1.510000000000000000e+02
3.000000000000000000e+01
4.380000000000000000e+02
1.580000000000000000e+02
4.110000000000000000e+02
2.940000000000000000e+02
2.670000000000000000e+02
2.400000000000000000e+02
0.000000000000000000e+00
1.600000000000000000e+01
3.200000000000000000e+02
6.800000000000000000e+01
1.700000000000000000e+02
7.600000000000000000e+01
2.250000000000000000e+02
9.480000000000000000e+02
1.930000000000000000e+02
1.580000000000000000e+02
1.340000000000000000e+02
3.490000000000000000e+02
2.830000000000000000e+02
2.200000000000000000e+02
2.000000000000000000e+01
2.400000000000000000e+01
7.500000000000000000e+01
1.300000000000000000e+02
4.320000000000000000e+02
1.300000000000000000e+02
1.290000000000000000e+02
3.750000000000000000e+02
3.000000000000000000e+01
2.080000000000000000e+02
4.000000000000000000e+01
1.800000000000000000e+01
1.190000000000000000e+02
1.240000000000000000e+02
4.100000000000000000e+01
1.900000000000000000e+01
1.300000000000000000e+01
2.380000000000000000e+02
4.030000000000000000e+02
2.330000000000000000e+02
9.300000000000000000e+01
6.650000000000000000e+02
1.240000000000000000e+02
2.290000000000000000e+02
6.820000000000000000e+02
2.500000000000000000e+01
1.130000000000000000e+02
6.200000000000000000e+01
1.400000000000000000e+01
2.800000000000000000e+01
2.460000000000000000e+02
3.890000000000000000e+02
3.900000000000000000e+01
9.800000000000000000e+02
3.700000000000000000e+01
4.300000000000000000e+01
4.570000000000000000e+02
5.260000000000000000e+02
1.680000000000000000e+02
2.220000000000000000e+02
2.940000000000000000e+02
3.000000000000000000e+01
2.190000000000000000e+02
1.600000000000000000e+01
2.280000000000000000e+02
1.460000000000000000e+02
3.100000000000000000e+01
5.600000000000000000e+01
3.270000000000000000e+02
8.000000000000000000e+01
4.790000000000000000e+02
4.700000000000000000e+01
1.150000000000000000e+02
2.770000000000000000e+02
1.200000000000000000e+01
4.900000000000000000e+01
1.250000000000000000e+02
9.470000000000000000e+02
2.280000000000000000e+02
1.860000000000000000e+02
1.000000000000000000e+00
8.900000000000000000e+01
3.280000000000000000e+02
2.340000000000000000e+02
2.850000000000000000e+02
2.990000000000000000e+02
6.600000000000000000e+01
4.700000000000000000e+01
1.110000000000000000e+02
3.200000000000000000e+01
2.000000000000000000e+00
8.740000000000000000e+02
9.000000000000000000e+01
1.700000000000000000e+01
1.060000000000000000e+02
1.100000000000000000e+02
4.600000000000000000e+01
5.600000000000000000e+01
2.640000000000000000e+02
2.600000000000000000e+02
9.500000000000000000e+01
5.900000000000000000e+02
2.100000000000000000e+02
4.500000000000000000e+01
2.600000000000000000e+01
4.460000000000000000e+02
2.600000000000000000e+01
8.900000000000000000e+01
3.400000000000000000e+02
2.140000000000000000e+02
4.500000000000000000e+01
8.300000000000000000e+01
5.260000000000000000e+02
2.400000000000000000e+02
5.100000000000000000e+01
4.000000000000000000e+00
2.380000000000000000e+02
4.530000000000000000e+02
5.400000000000000000e+02
3.800000000000000000e+01
3.000000000000000000e+01
3.700000000000000000e+01
3.070000000000000000e+02
1.600000000000000000e+02
2.100000000000000000e+01
2.000000000000000000e+02
4.900000000000000000e+01
4.450000000000000000e+02
9.600000000000000000e+01
9.000000000000000000e+00
1.000000000000000000e+01
5.600000000000000000e+01
6.400000000000000000e+01
6.400000000000000000e+01
4.900000000000000000e+01
2.180000000000000000e+02
1.260000000000000000e+02
5.320000000000000000e+02
1.820000000000000000e+02
6.500000000000000000e+01
6.000000000000000000e+01
1.730000000000000000e+02
1.700000000000000000e+01
4.000000000000000000e+00
6.400000000000000000e+01
1.800000000000000000e+01
2.900000000000000000e+01
4.310000000000000000e+02
2.550000000000000000e+02
2.450000000000000000e+02
5.000000000000000000e+00
5.070000000000000000e+02
2.850000000000000000e+02
2.840000000000000000e+02
2.000000000000000000e+00
5.700000000000000000e+01
4.000000000000000000e+00
1.140000000000000000e+02
1.960000000000000000e+02
7.500000000000000000e+01
5.230000000000000000e+02
3.300000000000000000e+01
1.790000000000000000e+02
7.700000000000000000e+01
5.500000000000000000e+01
4.940000000000000000e+02
6.000000000000000000e+00
2.200000000000000000e+02
1.500000000000000000e+01
2.140000000000000000e+02
3.120000000000000000e+02
4.720000000000000000e+02
1.100000000000000000e+02
1.210000000000000000e+02
3.880000000000000000e+02
3.300000000000000000e+01
1.343000000000000000e+03
1.000000000000000000e+00
1.710000000000000000e+02
2.220000000000000000e+02
3.900000000000000000e+01
3.300000000000000000e+01
7.000000000000000000e+00
6.800000000000000000e+02
2.240000000000000000e+02
1.600000000000000000e+01
3.450000000000000000e+02
1.750000000000000000e+02
3.720000000000000000e+02
3.210000000000000000e+02
9.600000000000000000e+01
4.430000000000000000e+02
4.200000000000000000e+01
3.000000000000000000e+01
1.390000000000000000e+02
8.000000000000000000e+00
7.070000000000000000e+02
5.500000000000000000e+01
6.100000000000000000e+01
2.800000000000000000e+01
9.000000000000000000e+01
1.700000000000000000e+01
3.500000000000000000e+01
2.870000000000000000e+02
8.500000000000000000e+01
1.200000000000000000e+02
2.560000000000000000e+02
2.680000000000000000e+02
3.060000000000000000e+02
1.320000000000000000e+02
1.780000000000000000e+02
4.000000000000000000e+01
1.920000000000000000e+02
6.200000000000000000e+01
1.330000000000000000e+02
2.300000000000000000e+01
8.100000000000000000e+01
2.200000000000000000e+01
9.500000000000000000e+01
2.100000000000000000e+02
1.290000000000000000e+02
1.570000000000000000e+02
3.650000000000000000e+02
3.660000000000000000e+02
4.890000000000000000e+02
1.330000000000000000e+02
2.700000000000000000e+01
6.270000000000000000e+02
3.100000000000000000e+01
1.030000000000000000e+02
1.100000000000000000e+01
2.130000000000000000e+02
1.180000000000000000e+02
3.540000000000000000e+02
1.100000000000000000e+01
2.420000000000000000e+02
1.100000000000000000e+01
7.600000000000000000e+01
5.700000000000000000e+01
1.160000000000000000e+02
3.870000000000000000e+02
3.310000000000000000e+02
3.050000000000000000e+02
2.700000000000000000e+02
9.300000000000000000e+01
8.700000000000000000e+01
1.000000000000000000e+00
4.000000000000000000e+00
8.000000000000000000e+01
3.530000000000000000e+02
2.200000000000000000e+02
1.520000000000000000e+02
2.200000000000000000e+01
5.280000000000000000e+02
6.400000000000000000e+01
4.670000000000000000e+02
1.900000000000000000e+01
4.020000000000000000e+02
2.370000000000000000e+02
3.390000000000000000e+02
6.800000000000000000e+01
1.590000000000000000e+02
1.940000000000000000e+02
9.000000000000000000e+01
1.220000000000000000e+02
4.560000000000000000e+02
4.720000000000000000e+02
4.930000000000000000e+02
4.100000000000000000e+01
4.000000000000000000e+01
1.840000000000000000e+02
3.190000000000000000e+02
2.610000000000000000e+02
3.520000000000000000e+02
2.640000000000000000e+02
1.270000000000000000e+02
1.000000000000000000e+01
3.880000000000000000e+02
6.500000000000000000e+01
7.000000000000000000e+00
1.120000000000000000e+02
1.080000000000000000e+02
7.780000000000000000e+02
3.900000000000000000e+01
1.890000000000000000e+02
2.210000000000000000e+02
2.400000000000000000e+01
4.200000000000000000e+01
5.760000000000000000e+02
8.100000000000000000e+01
3.700000000000000000e+01
2.510000000000000000e+02
9.000000000000000000e+01
9.600000000000000000e+01
5.800000000000000000e+01
8.000000000000000000e+01
1.800000000000000000e+01
2.140000000000000000e+02
5.000000000000000000e+01
4.000000000000000000e+00
6.320000000000000000e+02
